MTS25	Tensile Strength
-0.0001	0.1971
0.0019	1.3932
0.0035	2.9209
0.0049	4.0893
0.0066	5.3783
0.0086	6.7284
0.0097	8.335
0.0111	9.1774
0.0132	10.7369
0.0143	11.792
0.0161	13.4396
0.0174	14.5314
0.0183	14.9914
0.0197	16.3465
0.0214	17.46
0.0229	18.5663
0.0239	19.5539
0.0252	20.863
0.027	21.9903
0.0283	22.8901
0.0304	24.8179
0.0308	25.1929
0.032	26.1634
0.0335	27.259
0.0354	28.7205
0.0362	29.4941
0.0377	30.5094
0.0396	32.2854
0.0405	32.9169
0.0425	34.2803
0.0434	35.2558
0.0444	35.9869
0.0457	37.1037
0.0475	38.399
0.0492	39.5008
0.0498	40.447
0.0512	41.612
0.0527	42.6647
0.0542	43.8477
0.0559	45.6008
0.0567	46.0395
0.0575	46.7594
0.0593	48.2377
0.0609	49.6664
0.0619	50.207
0.0631	51.2401
0.0649	52.8562
0.0657	53.6352
0.0676	54.7592
0.0688	55.9485
0.0696	56.6667
0.0709	57.9432
0.0725	58.9165
0.0741	60.0662
0.0749	60.8658
0.0764	62.1631
0.0778	63.3376
0.079	64.4193
0.0809	65.7427
0.0815	66.0366
0.0825	66.6615
0.0838	68.0417
0.0855	69.9057
0.0862	70.3858
0.0872	70.7506
0.0888	72.1723
0.0892	72.8593
0.091	74.4302
0.0922	75.146
0.0926	75.5221
0.0936	76.343
0.095	77.5443
0.0963	78.5293
0.0966	78.9654
0.0981	80.2743
0.0993	81.5374
0.1001	82.1992
0.1019	82.8779
0.1019	83.1241
0.1026	84.0163
0.104	85.3627
0.1054	86.8033
0.1061	87.0989
0.1069	87.8224
0.1085	88.7523
0.1088	89.4402
0.1104	90.696
0.1115	91.3732
0.1116	91.6791
0.1125	92.6887
0.1141	93.9367
0.1151	94.4931
0.1158	94.8075
0.1168	95.8779
0.118	97.0472
0.1186	97.7653
0.1203	98.9178
0.1209	99.0112
0.1213	99.33
0.1226	100.5115
0.124	101.7792
0.1245	102.3371
0.1254	103.0178
0.1268	103.8066
0.1274	104.5647
0.1286	105.6232
0.1297	106.47
0.1301	106.586
0.1311	106.884
0.1324	108.4533
0.1337	109.2403
0.134	109.6987
0.1352	110.6882
0.1363	111.2832
0.137	111.8278
0.1387	113.0297
0.1389	113.3376
0.1395	113.9739
0.1407	115.0249
0.1423	115.4401
0.1427	116.0292
0.1435	117.0035
0.1448	118.0867
0.1456	118.5519
0.1468	119.1744
0.1479	120.0267
0.1482	120.3162
0.1489	121.0253
0.1505	122.2512
0.1513	123.2418
0.1519	123.4056
0.153	123.8925
0.1542	125.0264
0.1549	125.3152
0.1562	126.7609
0.1567	126.9115
0.1573	127.0084
0.1584	127.8988
0.1597	129.3497
0.1602	129.558
0.1612	130.4597
0.1625	131.1819
0.1632	131.3462
0.1642	132.2775
0.1653	133.1446
0.1655	133.2229
0.1662	134.4186
0.1678	135.4428
0.1688	135.903
0.1692	136.1994
0.1702	137.0875
0.1715	137.8833
0.1721	138.4938
0.1733	139.2921
0.1739	139.5813
0.1744	139.9374
0.1756	141.2398
0.177	142.2354
0.1774	142.6738
0.1781	142.9878
0.1797	143.5867
0.1802	144.4687
0.1813	145.4537
0.1825	146.3822
0.1825	146.6349
0.1832	147.3844
0.1848	147.8513
0.186	148.3635
0.1862	148.6901
0.1876	149.5455
0.1887	151.1499
0.1893	151.2597
0.1905	152.0437
0.191	152.6634
0.1916	153.2426
0.1927	153.7973
0.194	154.663
0.1947	155.1913
0.1957	155.6517
0.1966	156.5555
0.1976	157.3501
0.1984	158.0852
0.1999	159.5336
0.2	159.5624
0.2007	159.6665
0.2023	160.1747
0.2032	161.4604
0.2039	161.8352
0.2049	162.6602
0.2061	163.8078
0.2069	164.0963
0.2082	165.0651
0.2087	165.3801
0.2092	165.6329
0.2103	166.4833
0.2115	167.6178
0.2125	168.0439
0.2134	168.757
0.2142	169.8534
0.2155	170.4833
0.2161	171.1551
0.2176	171.7953
0.218	171.8481
0.2186	172.427
0.22	173.5817
0.2211	174.9227
0.2217	175.4544
0.2226	175.9053
0.2241	176.6221
0.2248	177.3078
0.2265	178.5264
0.2269	179.0183
0.2274	179.4153
0.2284	180.1671
0.2299	181.1085
0.2309	181.8118
0.2315	182.3355
0.2329	183.41
0.2341	184.0071
0.2347	184.4207
0.2365	186.146
0.2367	186.1842
0.2375	186.7078
0.2387	187.6342
0.2401	188.5413
0.2406	188.9468
0.2415	189.6835
0.2432	190.9538
0.2437	191.4044
0.2453	192.3442
0.246	192.7463
0.2464	193.0684
0.2475	194.0266
0.2491	195.3674
0.25	195.9483
0.2508	196.2265
0.252	196.9638
0.2531	197.9233
0.254	198.6086
0.2558	200.0888
0.2558	200.1445
0.2564	200.5735
0.2579	201.6035
0.2594	202.7956
0.2599	203.1593
0.2609	203.8289
0.2625	204.7495
0.2631	205.1609
0.2645	206.6668
0.2653	207.1825
0.2658	207.5875
0.2669	208.3062
0.2683	208.9717
0.2696	209.7322
0.2699	210.2577
0.2712	211.3928
0.2725	212.3081
0.2732	212.7605
0.2748	213.9619
0.275	214.0084
0.2757	214.4797
0.2772	215.4645
0.2786	216.5591
0.279	216.8589
0.28	217.6803
0.2814	218.9166
0.282	219.2543
0.2837	220.2755
0.2845	220.5841
0.2846	220.7495
0.2856	221.4926
0.2874	223.0462
0.2885	223.7751
0.2889	224.2056
0.2902	224.9448
0.2914	225.6503
0.2919	226.0621
0.294	227.4974
0.294	227.5664
0.2947	227.9251
0.2959	229.1501
0.2975	230.1606
0.2978	230.4548
0.299	231.2832
0.3003	232.1154
0.3008	232.3905
0.3022	233.4158
0.3034	234.138
0.3035	234.3649
0.3044	235.4552
0.3061	236.3711
0.3071	236.9633
0.3077	237.2711
0.3089	238.0974
0.31	239.1199
0.3107	239.5975
0.3126	241.107
0.3127	241.266
0.3134	241.5842
0.3146	242.3436
0.3163	243.6432
0.3168	243.9594
0.3176	244.5038
0.3191	245.4878
0.3198	245.9071
0.3212	247.205
0.3222	247.883
0.3225	247.9323
0.3236	248.5549
0.325	249.632
0.326	250.3934
0.3268	251.0908
0.3281	251.8146
0.329	252.6391
0.3298	253.2719
0.3315	254.228
0.332	254.428
0.3325	254.8505
0.3337	256.0374
0.3356	257.1255
0.336	257.3871
0.3367	258.0249
0.3384	259.1779
0.3389	259.8214
0.3403	260.4047
0.3415	261.2256
0.3415	261.4843
0.3425	262.2288
0.3441	263.1831
0.3454	264.0905
0.3457	264.3837
0.3471	265.4526
0.3484	266.0712
0.3491	266.4771
0.3507	268.1935
0.351	268.2777
0.3516	268.5782
0.3529	269.3061
0.3545	270.3915
0.3552	270.8301
0.356	271.6548
0.3573	272.4443
0.3583	273.1192
0.3594	274.0804
0.3607	274.614
0.3611	274.953
0.362	275.6664
0.3634	276.7722
0.3648	277.6126
0.3653	277.8859
0.3664	278.6384
0.3678	279.7434
0.3685	280.3426
0.3701	281.1347
0.3707	281.5108
0.3712	281.9813
0.3724	282.5739
0.374	284.0681
0.3748	284.4544
0.3756	284.9517
0.3771	286.1753
0.3781	286.6508
0.3791	287.3926
0.3802	288.2637
0.3807	288.4339
0.3816	289.0715
0.3832	290.295
0.3846	290.885
0.385	291.3286
0.3862	292.5057
0.3875	293.0738
0.3885	293.5402
0.3896	294.6248
0.3906	294.9377
0.3911	295.6142
0.3923	296.2055
0.3937	297.2899
0.3948	298.1839
0.3955	298.7136
0.3968	299.1487
0.3979	300.0629
0.3989	300.8997
0.4006	301.844
0.401	301.9305
0.4017	302.4889
0.4033	303.4395
0.4045	304.5929
0.4053	304.6363
0.4065	305.4201
0.408	306.8386
0.4087	306.9995
0.4104	308.0723
0.4111	308.51
0.4115	308.8041
0.4126	309.6931
0.4142	310.7229
0.4155	311.2064
0.4161	312.0038
0.4175	312.781
0.4186	313.2594
0.4195	314.0647
0.4213	315.1823
0.4216	315.2423
0.4224	315.8668
0.4238	316.8667
0.4253	317.8183
0.4262	318.1913
0.427	318.7741
0.4286	319.854
0.4294	320.3923
0.431	321.2401
0.4318	321.948
0.4324	322.3305
0.4335	323.0809
0.4352	323.8518
0.4362	324.7922
0.4371	325.0791
0.4382	325.8836
0.4397	326.7861
0.4407	327.1747
0.4426	328.6559
0.4428	328.6416
0.4437	329.1454
0.445	329.8532
0.4466	331.1426
0.4473	331.4284
0.4482	331.8477
0.4501	333.1386
0.4507	333.4204
0.4526	334.8174
0.4537	335.1022
0.454	335.1729
0.4552	336.0471
0.4567	337.1933
0.4581	337.4894
0.4588	338.1148
0.4602	339.1346
0.4617	339.99
0.4627	340.4536
0.4646	341.519
0.4648	341.5317
0.4657	342.2534
0.4672	343.0916
0.4688	343.9275
0.4696	344.3259
0.4706	345.0015
0.4724	345.9997
0.473	346.3965
0.4749	347.6266
0.4759	348.1325
0.4765	348.3166
0.4777	348.8491
0.4794	349.8713
0.4807	350.7595
0.4814	351.2903
0.4828	351.7815
0.4843	352.7437
0.4854	353.3576
0.4875	354.468
0.4878	354.4474
0.4886	355.0096
0.4901	355.783
0.492	356.7416
0.4927	357.1084
0.4939	357.7051
0.4957	358.9625
0.4964	359.393
0.4986	360.2235
0.4996	360.7026
0.5002	360.8073
0.5014	361.4207
0.5031	362.4916
0.5047	363.4211
0.5055	363.7811
0.5071	364.6728
0.5084	365.2478
0.5095	365.7382
0.5116	367.0121
0.5121	367.0514
0.5129	367.2963
0.5146	368.1302
0.5165	369.3582
0.5175	369.6247
0.5188	370.2539
0.5205	371.4319
0.5214	371.6087
0.5234	372.5034
0.5248	372.9851
0.5254	373.0837
0.5268	373.7101
0.5289	375.1408
0.5302	375.8369
0.5314	376.1091
0.5331	376.9134
0.5347	377.4367
0.5357	377.7873
0.5382	379.1723
0.5389	379.1514
0.5397	379.3541
0.5415	380.3707
0.5435	381.439
0.5445	381.6065
0.5461	382.3505
0.5479	383.3581
0.5491	383.648
0.5509	384.3189
0.5526	384.8216
0.5533	384.8603
0.5546	385.4956
0.5567	386.6207
0.5585	387.6659
0.5596	387.8341
0.5612	388.6297
0.5629	389.1093
0.5642	389.3744
0.5667	390.3114
0.5675	390.3517
0.5685	390.5827
0.5702	391.7502
0.5726	392.8442
0.5739	393.0219
0.5753	393.4182
0.5773	394.3643
0.5788	394.667
0.5806	395.5277
0.5826	396.1349
0.5835	396.1327
0.5849	396.4382
0.587	397.4704
0.5889	398.2277
0.5901	398.4055
0.592	399.0729
0.5941	399.8663
0.5955	400.2944
0.5979	401.1996
0.5991	401.238
0.6001	401.3311
0.6021	401.812
0.6046	402.97
0.606	403.3053
0.6078	403.7543
0.6102	404.7831
0.6117	404.9806
0.6135	405.3566
0.616	406.0497
0.617	406.0179
0.6186	406.5302
0.621	407.5578
0.6232	408.165
0.6246	408.3126
0.6266	408.8456
0.6291	409.5009
0.6308	409.769
0.6332	410.6015
0.6349	410.7071
0.6361	410.7432
0.6383	411.4637
0.6408	412.6786
0.6428	412.886
0.6446	413.1579
0.6471	413.6721
0.6493	413.836
0.6514	414.3909
0.6541	415.0414
0.6555	414.9722
0.6576	415.433
0.6599	416.3597
0.6625	416.9162
0.6642	416.9185
0.6666	417.3122
0.6693	418.0584
0.6713	418.2344
0.6738	419.0937
0.676	419.2326
0.6778	419.3598
0.6802	419.7815
0.683	420.6277
0.6853	420.8801
0.6874	421.0655
0.6901	421.4808
0.6926	421.6923
0.6951	421.9985
0.6984	422.8094
0.7001	422.6053
0.7024	422.7745
0.7051	423.6754
0.7082	424.3211
0.7102	424.3591
0.713	425.0389
0.7161	425.4859
0.7183	425.5046
0.7215	425.8636
0.7241	425.9206
0.7263	425.8809
0.7287	426.1373
0.7319	426.9672
0.7348	427.1924
0.7372	427.3315
0.7402	427.7423
0.7433	428.2651
0.746	428.5689
0.7499	429.205
0.7519	428.8109
0.7545	428.9929
0.7576	429.4945
0.7609	429.9656
0.7634	429.9105
0.7663	430.1418
0.77	431.0446
0.7727	431.0091
0.7766	431.6477
0.7795	431.5561
0.7817	431.4141
0.7847	431.7433
0.7883	432.1615
0.7915	432.4795
0.7942	432.4015
0.7973	432.7527
0.801	433.0704
0.8039	433.1336
0.8083	433.7155
0.8109	433.3177
0.8136	433.3737
0.8173	433.7303
0.8211	434.3301
0.824	434.1281
0.827	434.2626
0.831	435.008
0.8338	434.662
0.8379	435.7294
0.8415	435.5888
0.8438	435.1269
0.8473	435.5703
0.8509	436.1473
0.8544	436.4305
0.8575	436.3549
0.8609	436.6818
0.8649	437.2298
0.8682	437.2985
0.8729	437.7313
0.8756	437.3866
0.8785	437.3698
0.8822	437.691
0.8864	437.8143
0.8897	437.7682
0.8929	437.7881
0.8972	437.9529
0.9004	437.8523
0.9048	438.2496
0.9086	438.1906
0.9115	437.9229
0.9148	438.026
0.919	438.6957
0.9231	438.9351
0.9261	438.6812
0.9297	438.9574
0.934	439.2967
0.9374	439.2963
0.9425	440.2956
0.9455	439.3474
0.9486	439.2003
0.9524	439.6651
0.9568	440.4137
0.9602	440.2283
0.9638	440.2991
0.9679	440.8445
0.9715	440.4431
0.976	441.2401
0.9802	441.0899
0.9831	440.576
0.9865	440.7518
0.9911	441.3703
0.9952	441.5754
0.9985	441.2809
1.0027	441.6548
1.0068	441.769
1.0104	441.7365
1.0154	442.291
1.0187	441.7918
1.0218	441.5938
1.0258	441.8931
1.0305	442.4301
1.0341	442.0848
1.0378	442.2072
1.0424	442.6408
1.0457	442.3445
1.0505	442.9514
1.0549	442.9328
1.058	442.4126
1.0617	442.4704
1.0662	443.0363
1.0707	443.2654
1.0742	442.9798
1.0785	443.3063
1.0828	443.4358
1.0864	443.2365
1.0918	443.7484
1.0951	443.4369
1.0984	443.0566
1.1026	443.5633
1.1076	443.7418
1.1113	443.7215
1.1152	443.7321
1.1197	443.7546
1.1236	443.7338
1.128	443.8513
1.1325	443.9901
1.1359	443.7346
1.1395	443.7367
1.1441	444.0058
1.1487	444.2733
1.1525	443.953
1.1566	444.1708
1.1611	444.4169
1.1649	444.2477
1.1701	445.0473
1.1739	444.4053
1.1772	444.0033
1.1816	444.442
1.1863	445.0498
1.1903	444.6795
1.1944	444.6971
1.1993	445.1995
1.2032	444.9428
1.2076	445.2248
1.2124	445.3623
1.2159	444.7725
1.2194	444.7198
1.2241	445.3666
1.2288	445.5664
1.2326	445.2387
1.2369	445.4055
1.2415	445.6483
1.2455	445.4835
1.2507	445.921
1.2545	445.5338
1.2578	445.2458
1.2622	445.5544
1.2672	445.9857
1.2714	445.7807
1.2754	445.712
1.2802	445.9995
1.2844	445.9208
1.2888	446.0168
1.2935	446.1219
1.2972	445.8122
1.3011	445.7394
1.3058	446.0833
1.3106	446.244
1.3143	445.9845
1.3186	446.0843
1.3235	446.3878
1.3277	446.2073
1.3325	446.5673
1.3368	446.2443
1.3402	445.9824
1.3444	446.1224
1.3493	446.5734
1.3536	446.4127
1.3577	446.3276
1.3626	446.7214
1.3668	446.6216
1.3714	446.6754
1.3764	447.087
1.38	446.4037
1.3837	446.2995
1.3884	446.795
1.3934	447.2441
1.3972	446.6563
1.4017	446.9412
1.4068	447.3447
1.4108	447.0864
1.4157	447.4792
1.4198	447.123
1.4236	446.6728
1.4277	446.8753
1.4327	447.4684
1.4372	447.4197
1.4412	447.2357
1.446	447.5829
1.4503	447.5241
1.4547	447.5269
1.4599	448.0875
1.4633	447.3066
1.4674	447.1801
1.4721	447.6649
1.477	448.0286
1.4809	447.6833
1.4852	447.7538
1.4903	448.1376
1.4944	447.9553
1.4994	448.3559
1.5039	448.0287
1.5076	447.6064
1.5115	447.6899
1.5164	448.1953
1.521	448.1751
1.5254	448.0764
1.5296	448.2531
1.5344	448.3075
1.5387	448.2928
1.544	448.8816
1.5478	448.0583
1.5516	448.0033
1.5562	448.3307
1.5614	448.6886
1.5655	448.3606
1.5695	448.3394
1.5745	448.873
1.5787	448.5796
1.5838	449.1473
1.5882	448.7277
1.592	448.2546
1.5962	448.3702
1.6012	448.8756
1.6058	448.9013
1.61	448.6063
1.6142	448.7126
1.6192	449.0517
1.6232	448.8559
1.6289	449.4953
1.6324	448.7124
1.6363	448.607
1.641	448.9404
1.6461	449.3752
1.6501	449.0161
1.6543	448.89
1.6595	449.47
1.6634	449.0712
1.6687	449.5419
1.6734	449.3783
1.677	448.8733
1.6811	449.0605
1.6864	449.421
1.691	449.455
1.6951	449.2816
1.6994	449.3374
1.7044	449.5073
1.7086	449.4454
1.7144	449.653
1.7181	449.3026
1.7221	449.1312
1.7265	449.4095
1.7318	449.6144
1.7357	449.4344
1.7401	449.4085
1.745	449.6291
1.7491	449.5027
1.7541	449.6549
1.7589	449.6255
1.7626	449.3573
1.7667	449.3961
1.7717	449.6182
1.7765	449.6371
1.7804	449.5469
1.7848	449.576
1.7898	449.6459
1.7941	449.6195
1.8001	449.7199
1.8036	449.6174
1.8075	449.5096
1.8121	449.6299
1.8174	449.674
1.8215	449.6407
1.8258	449.6434
1.8309	449.676
1.835	449.6392
1.8404	449.714
1.8453	449.6874
1.8489	449.6068
1.853	449.6039
1.8582	449.6803
1.8632	449.6943
1.8672	449.6587
1.8719	449.6743
1.8767	449.6868
1.8809	449.6696
1.8868	449.8414
1.8907	449.6628
1.8945	449.6306
1.899	449.6695
1.9046	449.7564
1.9087	449.6822
1.9132	449.6823
1.9181	449.7451
1.9222	449.6785
1.9274	449.8105
1.9325	449.7933
1.9361	449.665
1.9404	449.6651
1.9454	449.7425
1.9503	449.7936
1.9544	449.7036
1.9591	449.7437
1.9641	449.7833
1.9682	449.7211
1.9741	450.2324
1.9783	449.7225
1.9822	449.67
1.9868	449.7241
1.9921	450.002
1.9965	449.7654
2.001	449.765
2.006	449.9914
2.0105	449.7925
2.0154	450.0431
2.0206	450.1494
2.0244	449.7274
2.0287	449.7259
2.0336	449.9927
2.0387	450.1699
2.0426	449.8269
2.0474	449.9659
2.0523	450.0331
2.0567	449.8906
2.0625	450.6858
2.0666	449.9829
2.0705	449.7487
2.0751	449.9041
2.0804	450.4569
2.0847	450.0407
2.089	449.9905
2.0941	450.4264
2.0988	450.1388
2.1035	450.4486
2.1089	450.5999
2.1125	449.8991
2.1167	449.8243
2.1217	450.3689
2.1268	450.6672
2.1309	450.1529
2.1354	450.3299
2.1407	450.7165
2.1451	450.4208
2.1505	451.1022
2.1548	450.3716
2.1586	449.9621
2.1632	450.2768
2.1686	451.019
2.1731	450.5547
2.1774	450.4077
2.1827	450.9397
2.187	450.5964
2.1919	450.7695
2.1971	451.146
2.201	450.3446
2.2047	450.1591
2.21	450.8835
2.2152	451.2272
2.2192	450.533
2.2239	450.6659
2.2292	451.2812
2.2336	450.8657
2.2387	451.5413
2.2431	450.9899
2.247	450.3872
2.2515	450.6773
2.2568	451.3826
2.2613	451.0564
2.2657	450.8427
2.2709	451.5048
2.2755	451.3653
2.2803	451.4245
2.2855	451.7219
2.2893	450.8433
2.2934	450.5969
2.2984	451.3235
2.3035	451.7839
2.3077	451.116
2.3125	451.3972
2.3176	451.8054
2.322	451.5924
2.3271	451.8474
2.3316	451.5949
2.3356	450.9861
2.3401	451.1689
2.3453	451.8112
2.3502	451.768
2.3543	451.5057
2.3593	451.8039
2.3639	451.7653
2.3686	451.7614
2.3742	452.0562
2.378	451.4837
2.3822	451.2217
2.387	451.7517
2.3922	451.9679
2.3965	451.68
2.4009	451.6935
2.4061	452.0143
2.4107	451.8904
2.4157	452.067
2.4206	451.9195
2.4242	451.52
2.4287	451.6314
2.434	451.9899
2.4385	451.9595
2.4432	451.8913
2.4478	451.9789
2.4526	452.001
2.4572	451.9738
2.4631	452.5126
2.4669	451.8752
2.4711	451.7745
2.4758	451.9885
2.4811	452.1515
2.4852	451.9602
2.4896	451.9366
2.4948	452.2045
2.4994	452.0229
2.5046	452.4617
2.5093	452.1971
2.5133	451.9008
2.5177	451.9435
2.5228	452.1487
2.5278	452.232
2.5319	452.0358
2.5364	452.0687
2.5416	452.3315
2.546	452.1318
2.5518	452.8767
2.5557	452.0313
2.5597	451.9867
2.5646	452.1474
2.5701	452.6569
2.5741	452.1357
2.5785	452.0744
2.5839	452.775
2.588	452.1205
2.5937	452.8824
2.5983	452.5909
2.6021	452.0496
2.6065	452.0926
2.6116	452.5585
2.6163	452.6046
2.6206	452.2624
2.6251	452.39
2.6304	452.7279
2.6348	452.6209
2.6408	453.2532
2.6447	452.3409
2.6486	452.0869
2.6533	452.4603
2.6587	452.9735
2.6627	452.5056
2.667	452.4371
2.6723	453.01
2.6765	452.6457
2.682	453.2245
2.687	452.9733
2.6908	452.2933
2.6951	452.3511
2.7002	452.9582
2.7051	453.0143
2.7093	452.6739
2.7139	452.7631
2.7191	452.9888
2.7232	452.869
2.7292	453.748
2.7328	452.7796
2.7368	452.4314
2.7416	452.8275
2.7471	453.3536
2.7513	452.8573
2.7556	452.8794
2.7608	453.3333
2.7649	452.8406
2.7705	453.651
2.7754	453.4222
2.7788	452.6973
2.7831	452.7021
2.7882	453.2953
2.7934	453.4609
2.7973	452.9736
2.8023	453.2668
2.8074	453.4216
2.8116	453.2092
2.8174	453.965
2.8213	453.0775
2.8251	452.7487
2.8298	453.0507
2.8351	453.7811
2.8394	453.2872
2.844	453.2914
2.8491	453.7283
2.8532	453.1432
2.8586	453.8447
2.8636	453.8093
2.8672	452.9877
2.8713	452.956
2.8764	453.6391
2.8815	453.7461
2.8856	453.3336
2.8904	453.5904
2.8951	453.7128
2.8992	453.4008
2.9052	454.116
2.9092	453.597
2.9129	453.0223
2.9176	453.4831
2.9232	453.9993
2.9273	453.6596
2.9318	453.661
2.9368	453.9708
2.9412	453.7199
2.946	453.9595
2.9512	454.0281
2.9549	453.4499
2.9589	453.3661
2.9642	453.9026
2.9693	454.0438
2.9733	453.7838
2.9781	453.9066
2.9831	453.9666
2.9873	453.8283
2.9928	454.2476
2.997	453.9045
3.0007	453.4941
3.0056	453.8236
3.0109	454.1488
3.0153	453.9554
3.0197	453.898
3.0248	454.142
3.0293	453.9783
3.0341	454.1322
3.0392	454.2183
3.043	453.8253
3.0472	453.7306
3.0523	454.1131
3.0574	454.2096
3.0615	453.9702
3.0662	454.066
3.0715	454.2173
3.0756	454.0854
3.0811	454.338
3.0852	454.0648
3.089	453.7915
3.0935	454.0044
3.0992	454.2966
3.1034	454.133
3.1077	454.0801
3.1127	454.2661
3.1172	454.144
3.1218	454.207
3.1272	454.3402
3.131	454.0375
3.1352	453.9177
3.14	454.238
3.1454	454.3553
3.1494	454.1302
3.154	454.2083
3.159	454.3579
3.1635	454.2314
3.1687	454.42
3.1733	454.2543
3.1769	454.0387
3.1815	454.1335
3.1868	454.3562
3.1914	454.2663
3.1957	454.1992
3.2008	454.3943
3.2053	454.3329
3.2102	454.3651
3.2152	454.4607
3.2192	454.1842
3.223	454.0946
3.2282	454.3277
3.2333	454.4837
3.2373	454.2551
3.2421	454.3467
3.2473	454.4779
3.2517	454.3717
3.2568	454.522
3.2614	454.3832
3.2652	454.2051
3.2695	454.2496
3.2748	454.4667
3.2793	454.4233
3.2836	454.3308
3.2883	454.4619
3.293	454.4351
3.2977	454.4368
3.3035	454.7798
3.307	454.3374
3.3112	454.2555
3.3161	454.4376
3.3212	454.6263
3.3253	454.4089
3.3299	454.4232
3.335	454.6757
3.3396	454.5344
3.3447	454.8007
3.3492	454.5742
3.353	454.3471
3.3575	454.3667
3.3627	454.6598
3.3673	454.5765
3.3717	454.4917
3.3764	454.5713
3.3813	454.6385
3.3858	454.6139
3.3915	455.0005
3.3951	454.4813
3.3994	454.4178
3.4042	454.5977
3.4094	454.8232
3.4135	454.5593
3.4181	454.5163
3.4233	454.8683
3.4277	454.6368
3.433	454.9865
3.4377	454.7808
3.4413	454.4521
3.4457	454.4926
3.4508	454.7563
3.4558	454.8419
3.46	454.6338
3.4648	454.6789
3.4698	454.883
3.4742	454.7462
3.48	455.275
3.4837	454.6589
3.4877	454.5396
3.4925	454.7352
3.4978	455.0356
3.5019	454.7504
3.5063	454.6595
3.5118	455.1061
3.5158	454.7459
3.5212	455.2249
3.526	454.997
3.5296	454.6239
3.5342	454.6748
3.5393	454.9448
3.5441	454.9919
3.5483	454.7961
3.5529	454.8475
3.5579	455.0717
3.5624	454.965
3.5682	455.4768
3.5718	454.8515
3.576	454.6702
3.5806	454.8885
3.586	455.2471
3.5901	454.896
3.5945	454.8599
3.5997	455.2725
3.6039	454.9337
3.6092	455.3851
3.6141	455.2485
3.6176	454.7895
3.622	454.8085
3.6271	455.1841
3.6322	455.2845
3.6362	454.9636
3.6406	454.9993
3.6458	455.2698
3.6501	455.1381
3.656	455.6773
3.6598	455.0547
3.6636	454.8363
3.6685	455.0793
3.6739	455.4737
3.6782	455.1487
3.6825	455.1344
3.6878	455.4151
3.6918	455.1073
3.6973	455.6031
3.7021	455.4753
3.7057	454.9443
3.71	454.9154
3.7153	455.3832
3.7203	455.4502
3.7243	455.1797
3.7291	455.3316
3.7339	455.4287
3.7382	455.3088
3.7441	455.7225
3.7478	455.2621
3.7517	454.925
3.7565	455.2419
3.7618	455.6502
3.7661	455.3261
3.7704	455.3232
3.7755	455.58
3.7794	455.2789
3.7848	455.6179
3.7898	455.6413
3.7935	455.1836
3.7975	455.1187
3.8027	455.546
3.8076	455.6361
3.8119	455.3734
3.8165	455.5469
3.8214	455.6107
3.8257	455.4376
3.8316	455.9255
3.8355	455.5198
3.8393	455.2129
3.8441	455.4433
3.8495	455.7209
3.8536	455.5612
3.8579	455.5434
3.8633	455.7015
3.8675	455.562
3.8725	455.7154
3.8776	455.7521
3.8814	455.3834
3.8856	455.3539
3.8905	455.6527
3.8956	455.7288
3.8996	455.5764
3.9044	455.65
3.9092	455.6897
3.9135	455.6195
3.9192	456.0388
3.9233	455.6505
3.927	455.3578
3.9318	455.5995
3.9371	455.8439
3.9414	455.6763
3.9457	455.6516
3.9509	455.8011
3.955	455.6728
3.9599	455.7863
3.9653	455.9672
3.969	455.5761
3.973	455.494
3.978	455.7421
3.9831	455.89
3.987	455.6816
3.9918	455.7297
3.997	455.9444
4.0013	455.7384
4.0066	456.1993
4.0108	455.7295
4.0146	455.5864
4.0193	455.6898
4.0246	456.1559
4.0291	455.7819
4.0334	455.7225
4.0385	456.0314
4.043	455.8029
4.0479	455.9461
4.0528	456.1512
4.0566	455.6935
4.0607	455.649
4.0658	455.9907
4.0709	456.1776
4.075	455.7457
4.0796	455.8383
4.0849	456.1979
4.0893	455.9131
4.0945	456.3952
4.0989	456.0069
4.1027	455.6895
4.1072	455.7552
4.1124	456.2
4.117	455.9948
4.1211	455.8298
4.1264	456.292
4.1309	456.1336
4.1358	456.227
4.1408	456.489
4.1446	455.8277
4.1487	455.7134
4.1534	456.0544
4.1589	456.5124
4.1628	455.9165
4.1677	456.1323
4.173	456.5868
4.1773	456.2283
4.1822	456.56
4.1866	456.2198
4.1906	455.7854
4.195	455.8788
4.2003	456.4077
4.2048	456.2935
4.2093	456.0646
4.2141	456.4025
4.2186	456.2882
4.2232	456.3019
4.2288	457.0007
4.2324	456.0527
4.2364	455.8752
4.2414	456.2992
4.2466	456.7378
4.2507	456.1699
4.2552	456.2521
4.2604	456.8298
4.2647	456.4955
4.2699	456.9535
4.2744	456.5735
4.278	456.0094
4.2826	456.0679
4.2877	456.7104
4.2923	456.6398
4.2968	456.4015
4.3013	456.6495
4.3063	456.7955
4.3109	456.7154
4.3165	457.326
4.3201	456.3694
4.3244	456.1765
4.3293	456.5617
4.3343	456.9888
4.3386	456.5917
4.3428	456.4313
4.3483	457.1093
4.3524	456.7399
4.3576	457.2484
4.3625	456.9674
4.3662	456.3168
4.3707	456.4022
4.3758	456.9216
4.3808	456.9951
4.3846	456.6196
4.3894	456.7374
4.3945	457.0703
4.3987	456.8708
4.4044	457.5636
4.4082	456.6982
4.4122	456.4168
4.417	456.8257
4.4222	457.2109
4.4263	456.7999
4.4307	456.6349
4.4359	457.2892
4.44	456.7853
4.4455	457.4445
4.4502	457.2069
4.4541	456.6222
4.4582	456.7074
4.4634	457.1682
4.4681	457.2093
4.4724	456.9145
4.4768	456.96
4.4821	457.3175
4.4864	457.1438
4.4924	457.7349
4.4959	456.9577
4.5001	456.6566
4.5047	457.0009
4.51	457.4086
4.5142	457.0256
4.5185	456.9813
4.5239	457.5403
4.528	457.083
4.5334	457.6011
4.538	457.4526
4.5419	456.8513
4.5461	456.8564
4.5513	457.3768
4.5562	457.4897
4.5603	457.1014
4.5648	457.1496
4.57	457.4556
4.5743	457.2964
4.5802	457.8743
4.5841	457.1495
4.5879	456.8298
4.5926	457.1609
4.5979	457.6554
4.602	457.2498
4.6064	457.1764
4.6115	457.5544
4.6157	457.1644
4.6211	457.7684
4.6261	457.6584
4.6297	457.0289
4.6339	456.993
4.639	457.5538
4.6441	457.6314
4.6481	457.2925
4.6528	457.5117
4.6578	457.6154
4.6622	457.434
4.6678	457.9554
4.6718	457.4063
4.6756	457.0026
4.6803	457.369
4.6859	457.785
4.69	457.5151
4.6945	457.5116
4.6996	457.7342
4.7037	457.4257
4.709	457.8227
4.7143	457.8287
4.7178	457.2658
4.722	457.2214
4.7273	457.675
4.7323	457.778
4.7366	457.5118
4.7412	457.6258
4.746	457.6819
4.7501	457.4702
4.756	458.1091
4.76	457.6151
4.7637	457.2019
4.7685	457.4845
4.7741	457.8719
4.7783	457.6214
4.7828	457.6086
4.7878	457.828
4.7921	457.6357
4.7969	457.8283
4.8021	457.9557
4.8058	457.4528
4.8098	457.4044
4.8151	457.7603
4.8203	457.8958
4.8244	457.649
4.8293	457.7749
4.8343	457.8395
4.8383	457.695
4.8441	458.1651
4.848	457.7359
4.8519	457.4133
4.8566	457.6491
4.862	458.0414
4.8665	457.7346
4.8708	457.7065
4.8758	457.9466
4.8801	457.7555
4.885	457.966
4.8902	458.1214
4.894	457.6622
4.8982	457.5764
4.9033	457.8939
4.9084	458.0475
4.9123	457.7406
4.9172	457.8286
4.9222	458.0469
4.9265	457.8264
4.9319	458.1642
4.9359	457.8434
4.9398	457.58
4.9444	457.729
4.95	458.133
4.9543	457.9079
4.9586	457.8085
4.9635	458.1043
4.9681	457.9213
4.9727	458.0229
4.9779	458.1548
4.9818	457.7572
4.9858	457.6651
4.9911	458.0595
4.9962	458.1547
5.0002	457.844
5.005	457.9586
5.01	458.1537
5.0142	457.9932
5.0196	458.1826
5.0239	458.0494
5.0278	457.7083
5.0324	457.824
5.0375	458.1272
5.042	458.0455
5.0462	457.9213
5.0514	458.1608
5.056	458.1166
5.0607	458.1271
5.0659	458.1922
5.0698	457.8701
5.0738	457.7425
5.0788	458.0609
5.0837	458.1829
5.0876	457.934
5.0925	458.0511
5.0976	458.1885
5.1021	458.137
5.1071	458.1939
5.1117	458.142
5.1155	457.8568
5.12	457.917
5.125	458.178
5.1297	458.161
5.1339	458.071
5.1387	458.1815
5.1436	458.1534
5.1479	458.1524
5.1536	458.3481
5.1574	458.0553
5.1617	457.9242
5.1664	458.1331
5.1718	458.2025
5.1758	458.1199
5.1803	458.1324
5.1856	458.2256
5.1899	458.1774
5.1952	458.2771
5.1998	458.1975
5.2035	457.9998
5.208	458.0316
5.2132	458.1945
5.2179	458.1901
5.2221	458.1572
5.2269	458.1803
5.2317	458.1973
5.2363	458.1873
5.2421	458.5281
5.2457	458.1268
5.2498	458.0386
5.2546	458.1721
5.2598	458.236
5.2638	458.1653
5.2684	458.127
5.2737	458.2923
5.2779	458.1846
5.2834	458.449
5.288	458.2718
5.2918	458.1254
5.2963	458.1321
5.3013	458.2259
5.3063	458.2728
5.3104	458.1799
5.3149	458.1864
5.3202	458.2947
5.3244	458.1999
5.3303	458.7653
5.3341	458.1765
5.3385	458.159
5.343	458.1992
5.3484	458.4623
5.3527	458.1952
5.3571	458.1766
5.3624	458.5213
5.3666	458.1859
5.372	458.6182
5.3768	458.4203
5.3806	458.1696
5.3851	458.1845
5.3902	458.3307
5.3952	458.3586
5.3994	458.2003
5.404	458.21
5.4093	458.4362
5.4139	458.317
5.4196	458.9655
5.4233	458.2025
5.4274	458.1591
5.4322	458.221
5.4374	458.5002
5.4418	458.2131
5.4463	458.2043
5.4517	458.5922
5.4558	458.2332
5.4613	458.757
5.4663	458.6385
5.47	458.1848
5.4745	458.1913
5.4795	458.422
5.4848	458.4914
5.4889	458.2244
5.4935	458.246
5.4988	458.4823
5.5031	458.3688
5.5092	459.1187
5.5128	458.2404
5.5169	458.1761
5.5217	458.2382
5.5271	458.6942
5.5315	458.2745
5.5359	458.2642
5.5412	458.6208
5.5453	458.2271
5.551	458.9268
5.556	458.7065
5.5597	458.1881
5.564	458.196
5.5693	458.5525
5.5745	458.6757
5.5786	458.2532
5.5833	458.4388
5.5884	458.5744
5.5926	458.3452
5.5989	459.2447
5.6026	458.3495
5.6067	458.1869
5.6114	458.3006
5.6171	458.834
5.6214	458.369
5.6258	458.3694
5.6311	458.7538
5.6353	458.3229
5.6407	458.8945
5.6459	458.9349
5.6496	458.225
5.654	458.2155
5.6594	458.5961
5.6645	458.8106
5.6687	458.4261
5.6736	458.6033
5.6787	458.7088
5.683	458.4208
5.6891	459.4257
5.6929	458.4761
5.697	458.195
5.7018	458.3597
5.7075	458.9679
5.7119	458.5151
5.7164	458.4753
5.7215	458.8311
5.7259	458.475
5.7311	458.7956
5.7363	459.005
5.7401	458.2713
5.7444	458.2308
5.7494	458.667
5.7547	458.8362
5.7586	458.4195
5.7636	458.6122
5.7684	458.7262
5.773	458.4964
5.779	459.3356
5.783	458.6029
5.7869	458.2255
5.7918	458.4483
5.7972	459.0591
5.8015	458.6411
5.8061	458.5803
5.8113	458.9818
5.8158	458.6574
5.8208	458.9411
5.8263	459.2474
5.8301	458.4419
5.8342	458.289
5.8395	458.8449
5.845	459.1118
5.8489	458.5732
5.8538	458.7702
5.8591	459.0936
5.8636	458.737
5.8689	459.3751
5.8733	458.7425
5.8773	458.2983
5.8819	458.596
5.8876	459.1996
5.8919	458.8227
5.8966	458.6833
5.9019	459.1639
5.9064	458.812
5.9112	458.9644
5.9165	459.2965
5.9204	458.5552
5.9244	458.3386
5.9297	458.9529
5.9351	459.1682
5.939	458.6336
5.944	458.782
5.949	459.1832
5.9537	458.8935
5.959	459.4369
5.9636	458.9212
5.9674	458.4036
5.972	458.5822
5.9774	459.0622
5.982	458.898
5.9864	458.7069
5.9916	459.1725
5.9962	459.0243
6.0013	459.0544
6.0064	459.3913
6.0104	458.6692
6.0145	458.4406
6.0197	458.9652
6.025	459.281
6.029	458.7103
6.034	458.8986
6.0392	459.3388
6.0437	459.0176
6.0485	459.3635
6.0533	459.0281
6.0573	458.5732
6.0621	458.6545
6.0673	459.1702
6.072	459.0751
6.0764	458.838
6.0814	459.1657
6.086	458.9822
6.0907	458.9774
6.0963	459.8085
6.1001	458.7672
6.1045	458.5939
6.1094	458.9757
6.1146	459.4027
6.1188	458.9087
6.1236	458.925
6.1286	459.4384
6.1332	459.0659
6.1385	459.6024
6.1432	459.2448
6.147	458.7024
6.1516	458.6891
6.1566	459.2105
6.1616	459.1792
6.1656	458.9518
6.1706	459.1199
6.1757	459.2726
6.1804	459.185
6.1863	460.0689
6.1901	458.9091
6.1942	458.741
6.1992	459.0507
6.2044	459.4563
6.2087	459.0307
6.2131	458.9225
6.2186	459.6817
6.223	459.1337
6.2285	459.87
6.2332	459.3912
6.2369	458.7591
6.2416	458.8222
6.2469	459.368
6.2518	459.4171
6.2561	458.9829
6.2606	459.0391
6.2659	459.3662
6.2703	459.0982
6.2762	460.1319
6.28	459.0142
6.2842	458.7595
6.2891	459.0829
6.2945	459.6472
6.2987	459.0118
6.3029	458.857
6.3086	459.7614
6.3128	459.0471
6.3184	459.9743
6.3232	459.5218
6.3271	458.7839
6.3317	458.8164
6.3367	459.2706
6.3416	459.4171
6.3459	459.0352
6.3505	459.0871
6.3561	459.5374
6.3605	459.3103
6.3666	460.132
6.37	459.0052
6.3743	458.7062
6.3791	459.0868
6.3845	459.7749
6.3889	459.058
6.3933	458.976
6.3986	459.6594
6.4028	459.0382
6.4083	459.887
6.4132	459.6712
6.417	458.832
6.4215	458.8152
6.4268	459.4167
6.4318	459.4648
6.436	458.9802
6.4404	459.0337
6.4456	459.4586
6.4502	459.2318
6.4562	460.1772
6.4598	459.1077
6.4639	458.7499
6.4689	459.0466
6.4743	459.8534
6.4787	459.2137
6.4831	459.1843
6.4884	459.794
6.4927	459.1089
6.4983	460.0902
6.5032	459.7972
6.5068	458.8647
6.5114	458.7964
6.5167	459.5428
6.522	459.7826
6.5262	459.1404
6.5308	459.3808
6.536	459.5483
6.5403	459.2471
6.5465	460.1921
6.5504	459.2333
6.5543	458.7474
6.5593	459.1143
6.5649	459.9997
6.569	459.222
6.5738	459.2185
6.5791	459.8615
6.5832	459.1276
6.5886	459.9677
6.5938	459.9402
6.5975	458.926
6.602	458.8814
6.6071	459.4397
6.6124	459.8328
6.6165	459.1724
6.6213	459.3997
6.6266	459.5975
6.6307	459.1879
6.6369	460.1918
6.6409	459.3165
6.6449	458.7737
6.6496	459.0974
6.6552	459.9955
6.6596	459.3452
6.6641	459.2728
6.6693	459.8684
6.6738	459.2498
6.6789	459.7757
6.6845	460.0228
6.6883	458.9868
6.6926	458.9203
6.698	459.5901
6.7033	459.8751
6.7073	459.2224
6.7124	459.4494
6.7175	459.5798
6.7219	459.2855
6.7278	460.1902
6.732	459.397
6.7359	458.7864
6.7407	459.1454
6.7464	459.8977
6.7507	459.2473
6.7554	459.1749
6.7608	459.7627
6.7651	459.2499
6.7702	459.5792
6.7755	459.9312
6.7792	458.9132
6.7834	458.7712
6.7887	459.3996
6.7941	459.8497
6.7982	459.097
6.8032	459.2699
6.8084	459.6935
6.8128	459.2392
6.8184	460.0724
6.8226	459.3546
6.8267	458.7923
6.8316	459.0941
6.8371	459.8541
6.8417	459.3727
6.8461	459.141
6.8513	459.7456
6.8561	459.333
6.861	459.6497
6.8664	459.9613
6.8704	459.0324
6.8746	458.8078
6.8798	459.4748
6.8851	459.8581
6.8892	459.1104
6.8941	459.2573
6.8995	459.8558
6.9038	459.3846
6.9094	460.0438
6.9139	459.3768
6.9178	458.8026
6.9226	459.0053
6.9282	459.7276
6.9328	459.2812
6.9373	459.0737
6.9424	459.6384
6.9471	459.4016
6.952	459.4604
6.9575	459.8849
6.9612	459.0347
6.9657	458.7672
6.9708	459.2371
6.9763	459.7528
6.9803	459.0082
6.9851	459.1897
6.9904	459.7427
6.9952	459.3654
7.0002	459.7852
7.0049	459.4176
7.009	458.8572
7.0135	458.9114
7.0188	459.4077
7.0239	459.37
7.0282	459.1198
7.0335	459.4611
7.0383	459.3402
7.0429	459.2873
7.0487	460.0563
7.0527	458.9709
7.0568	458.771
7.0619	459.18
7.0673	459.6474
7.0715	459.0733
7.0761	459.087
7.0814	459.5443
7.086	459.2315
7.0914	459.811
7.0962	459.3942
7.1003	458.7966
7.1047	458.812
7.1102	459.3553
7.1148	459.2636
7.1193	459.0209
7.1241	459.1527
7.1292	459.2473
7.1338	459.1968
7.1398	460.0834
7.1437	458.929
7.1479	458.7562
7.1529	459.0471
7.1583	459.4191
7.1625	458.9499
7.167	458.8443
7.1724	459.5396
7.1769	459.0706
7.1825	459.7004
7.1871	459.3259
7.1911	458.6939
7.1957	458.7273
7.2011	459.2599
7.2061	459.2931
7.2105	458.8977
7.2152	458.931
7.2206	459.3164
7.2249	459.0076
7.2311	460.0523
7.2349	458.8618
7.2393	458.6443
7.2439	458.923
7.2497	459.4372
7.254	458.8902
7.2586	458.7241
7.2641	459.4706
7.2684	458.8299
7.2741	459.6953
7.279	459.2869
7.2829	458.608
7.2873	458.6522
7.2928	459.0726
7.2977	459.0727
7.302	458.727
7.3067	458.7529
7.3121	459.1628
7.3166	458.9329
7.3225	459.9451
7.3266	458.7472
7.3308	458.4695
7.3357	458.7608
7.3412	459.258
7.3456	458.7208
7.3501	458.645
7.3556	459.1579
7.36	458.7127
7.3655	459.3121
7.3706	459.131
7.3745	458.4419
7.3788	458.4084
7.3843	458.9583
7.3895	459.0195
7.3937	458.5833
7.3985	458.6162
7.4036	458.889
7.4082	458.6904
7.4144	459.696
7.4183	458.5856
7.4225	458.2702
7.4274	458.5018
7.4331	459.0542
7.4374	458.5654
7.442	458.5582
7.4474	458.8977
7.4517	458.4119
7.4574	459.1949
7.4625	458.9137
7.4663	458.2391
7.4708	458.2127
7.4763	458.6923
7.4815	458.7741
7.4858	458.3309
7.4908	458.4845
7.4958	458.6291
7.5003	458.3729
7.5065	459.2036
7.5105	458.3739
7.5146	458.1898
7.5196	458.271
7.5253	458.8211
7.5298	458.3704
7.5344	458.3222
7.5398	458.6362
7.5441	458.2311
7.5496	458.6777
7.5551	458.7397
7.5588	458.1869
7.5632	458.1826
7.5686	458.374
7.5739	458.5078
7.578	458.2072
7.5832	458.3047
7.5882	458.3405
7.5928	458.1989
7.5992	458.8945
7.6032	458.2162
7.607	458.1039
7.612	458.1869
7.6178	458.4863
7.6223	458.1994
7.6268	458.1926
7.6323	458.31
7.6368	458.1874
7.6421	458.2802
7.6476	458.4234
7.6515	458.1189
7.656	458.0689
7.6614	458.2042
7.6667	458.2617
7.6712	458.1663
7.676	458.1862
7.6813	458.1986
7.6856	458.1442
7.6917	458.4627
7.6961	458.165
7.7002	457.8473
7.7054	458.0675
7.7111	458.2024
7.7155	458.1218
7.7203	458.0643
7.7257	458.1945
7.7304	458.1071
7.7357	458.1789
7.7411	458.2003
7.745	457.7912
7.7494	457.6806
7.7549	458.0507
7.7605	458.1693
7.7647	457.8307
7.7696	457.9168
7.7752	458.1238
7.7795	457.8621
7.7854	458.1712
7.7899	457.813
7.7939	457.4926
7.7989	457.6782
7.8047	458.0709
7.8093	457.7701
7.8139	457.6608
7.8193	457.9157
7.824	457.696
7.829	457.7574
7.8347	458.0027
7.8387	457.5087
7.8432	457.2777
7.8485	457.6962
7.8541	457.8268
7.8583	457.4992
7.8632	457.5466
7.8689	457.7442
7.8734	457.5578
7.8792	457.801
7.8841	457.5273
7.8881	457.0128
7.8929	457.1145
7.8984	457.5618
7.9033	457.3318
7.9079	457.115
7.9132	457.5051
7.9183	457.3321
7.9234	457.2959
7.9288	457.4773
7.9329	456.8207
7.9372	456.4745
7.9427	457.0138
7.9479	457.2835
7.9523	456.7417
7.9574	456.8613
7.9629	457.1514
7.9676	456.8851
7.9729	457.1037
7.9781	456.8156
7.982	456.1623
7.9867	456.1989
7.9922	456.7414
7.9972	456.6298
8.0018	456.2308
8.0071	456.5615
8.012	456.3318
8.0167	456.2596
8.0229	456.9352
8.0269	455.9218
8.0314	455.7421
8.0365	456.0134
8.0419	456.3008
8.0464	455.8459
8.0514	455.8324
8.057	456.1989
8.0617	455.9012
8.0671	456.2317
8.0723	455.8969
8.0764	455.6371
8.0812	455.6245
8.0867	455.7632
8.0918	455.7245
8.0964	455.6561
8.1014	455.6728
8.1068	455.6753
8.1115	455.6444
8.1176	455.8881
8.1217	455.4192
8.1264	455.2806
8.1315	455.4441
8.137	455.6316
8.1415	455.3103
8.1462	455.2066
8.1518	455.5523
8.1567	455.2433
8.1622	455.5304
8.1676	455.3283
8.1716	454.8543
8.1765	454.8578
8.1818	455.1017
8.1871	455.1305
8.1916	454.8427
8.1966	454.8565
8.2023	454.9869
8.2069	454.784
8.2133	455.2915
8.2175	454.6159
8.2218	454.4606
8.2271	454.5778
8.2328	454.841
8.2373	454.4996
8.2419	454.3999
8.2478	454.6966
8.2523	454.38
8.2582	454.6837
8.2634	454.489
8.2675	454.1757
8.2725	454.1615
8.2777	454.3247
8.2831	454.2986
8.2876	454.142
8.2924	454.1317
8.2982	454.2548
8.3031	454.143
8.3094	454.3957
8.3136	453.9382
8.318	453.6542
8.3232	453.8501
8.329	454.0723
8.3336	453.7126
8.3382	453.5709
8.3438	453.9242
8.3483	453.4958
8.3542	453.9065
8.3595	453.6906
8.3638	452.8837
8.3685	452.8065
8.3741	453.2492
8.3796	453.3115
8.3841	452.7851
8.389	452.7466
8.3944	452.9194
8.3991	452.6773
8.4058	453.438
8.4101	452.2986
8.4144	451.9783
8.4194	452.0832
8.4254	452.5135
8.4299	452.0016
8.4349	451.9749
8.4404	452.1317
8.445	451.8469
8.451	452.1798
8.4565	451.9785
8.4604	451.1615
8.4652	450.923
8.4706	451.6891
8.4761	451.7158
8.4806	450.9866
8.4859	451.2095
8.4913	451.2017
8.4962	450.7455
8.5025	451.6066
8.5067	450.3182
8.5111	449.8477
8.5161	450.0613
8.522	450.5774
8.5268	450.0103
8.5316	449.8827
8.5371	450.0846
8.5417	449.7492
8.5475	450.0022
8.5532	449.9138
8.557	449.6706
8.5619	449.6572
8.5673	449.7033
8.573	449.7107
8.5775	449.658
8.5827	449.6604
8.5881	449.6597
8.5926	449.6064
8.5993	449.6866
8.6037	449.5459
8.608	449.173
8.6132	449.3163
8.6191	449.5618
8.6236	449.2447
8.6286	449.1007
8.634	449.283
8.6389	448.846
8.6444	449.0973
8.6499	449.0102
8.6541	448.1106
8.6588	447.9868
8.6642	448.3272
8.6697	448.4116
8.6746	447.9415
8.6797	447.9796
8.685	447.9206
8.6895	447.4243
8.6958	448.0791
8.7005	447.1966
8.7048	446.5487
8.7099	446.7038
8.7157	447.2332
8.7203	446.6075
8.7253	446.3952
8.7307	446.6092
8.7357	446.2585
8.7411	446.3445
8.7469	446.36
8.7511	445.8328
8.7557	445.6173
8.7613	445.921
8.767	445.9576
8.7715	445.5137
8.7766	445.5157
8.7823	445.614
8.7871	445.252
8.793	445.5338
8.798	444.9153
8.8022	444.3162
8.8073	444.4787
8.8129	444.8824
8.818	444.416
8.8229	444.0662
8.8285	444.3627
8.8334	443.873
8.8389	443.8868
8.8447	443.8615
8.849	443.6563
8.8535	443.4086
8.8591	443.7069
8.8647	443.7177
8.8692	443.2157
8.8744	443.1783
8.8801	443.31
8.885	442.8802
8.8907	442.9929
8.8958	442.5962
8.9002	442.0013
8.9051	441.9993
8.911	442.3436
8.916	441.9683
8.9207	441.8182
8.9263	441.9022
8.9316	441.773
8.937	441.6142
8.9428	441.5437
8.9472	440.8913
8.9518	440.4782
8.9573	440.8418
8.963	440.9623
8.9675	440.304
8.973	440.311
8.9785	440.3637
8.9836	439.9123
8.9892	439.9169
8.9947	439.3566
8.9994	438.8218
9.0042	438.6926
9.01	438.9553
9.0151	438.6806
9.02	438.1815
9.0255	438.2556
9.0309	437.9869
9.0362	437.9077
9.0425	438.0138
9.047	437.7689
9.0515	437.691
9.057	437.7321
9.0628	437.7558
9.0676	437.5302
9.0729	437.4104
9.0787	437.5025
9.0838	437.0146
9.0897	437.1046
9.0951	436.3714
9.0996	435.7293
9.1046	435.61
9.1105	435.8635
9.1159	435.5977
9.121	435.0174
9.1261	434.8907
9.1317	434.6903
9.137	434.4481
9.1434	434.6311
9.1478	433.6868
9.1528	433.4329
9.1582	433.4774
9.1641	433.5388
9.1689	433.2226
9.1738	433.0076
9.18	433.2172
9.1848	432.743
9.1911	432.8802
9.1967	432.3043
9.2012	431.7732
9.2061	431.7292
9.2118	431.8549
9.2173	431.6967
9.2221	431.2991
9.2272	431.2226
9.2335	431.1855
9.2383	430.5576
9.2452	430.8657
9.2499	429.7405
9.2545	429.4467
9.2599	429.4597
9.2657	429.6028
9.2705	429.0479
9.2756	428.7543
9.2817	429.0168
9.2864	428.3495
9.2926	428.6115
9.2987	427.8817
9.3033	427.0843
9.3082	426.9307
9.3139	427.0819
9.3196	426.8694
9.3244	426.2385
9.3296	426.0919
9.3358	426.1003
9.3409	425.8044
9.3479	425.9027
9.3526	425.3434
9.3575	424.9033
9.3628	425.0262
9.3687	425.1806
9.3738	424.0914
9.3788	423.9216
9.3849	424.0243
9.3901	423.1918
9.3966	423.4156
9.4024	422.5813
9.4072	421.7591
9.4119	421.6392
9.4178	421.8086
9.4236	421.6179
9.4284	421.2596
9.4338	421.085
9.4398	420.9865
9.4449	420.6392
9.4519	420.7402
9.4571	419.5371
9.4615	419.0452
9.4671	419.136
9.4731	419.3575
9.4784	418.3856
9.4835	418.0547
9.4896	418.0442
9.4947	417.2781
9.5012	417.5073
9.5077	416.9395
9.5122	416.0493
9.5172	415.7981
9.523	416.0965
9.5292	415.7778
9.534	414.9332
9.5398	414.8289
9.5457	414.521
9.551	413.8979
9.5582	413.9711
9.5634	413.1905
9.5679	412.7736
9.5731	412.877
9.5798	413.0094
9.585	411.997
9.5904	411.5674
9.5963	411.4226
9.6015	410.649
9.6078	410.703
9.6147	410.0568
9.6193	409.16
9.624	408.9494
9.63	409.1324
9.6363	408.8345
9.6415	408.1057
9.6472	407.8119
9.6534	407.5458
9.6588	406.8567
9.6659	406.9709
9.6716	405.6531
9.676	405.1095
9.6816	405.1339
9.6879	405.1726
9.6937	404.6799
9.6991	404.1472
9.7054	403.8546
9.7108	402.8838
9.7169	402.7253
9.724	402.0771
9.7289	401.2885
9.7338	401.125
9.7397	401.2135
9.7463	400.9044
9.7516	399.9353
9.7575	399.6521
9.7637	399.2034
9.7692	398.5075
9.7765	398.5246
9.7824	397.2022
9.787	396.4378
9.7924	396.4494
9.7991	396.4304
9.8047	395.6875
9.8104	395.1287
9.8168	394.8198
9.8227	394.0677
9.8289	393.695
9.8362	393.2047
9.8414	392.1768
9.8463	391.6654
9.8525	391.8048
9.8593	391.1709
9.8649	390.0471
9.8706	389.727
9.8774	389.3667
9.8832	388.8091
9.8901	388.6435
9.8965	387.4637
9.9014	386.4168
9.9069	386.3603
9.9138	386.2829
9.9203	384.8935
9.9262	384.3919
9.9328	384.1506
9.939	383.4279
9.9456	382.78
9.9526	382.1442
9.9582	381.0299
9.9633	380.4743
9.9695	380.4943
9.9769	379.7332
9.9829	378.3476
9.9891	377.9253
9.9963	377.4616
10.0027	376.7453
10.0099	376.2426
10.017	374.8501
10.0221	373.7177
10.0276	373.6081
10.0346	373.2065
10.0415	372.2249
10.0479	371.482
10.0552	370.9815
10.0625	369.6142
10.0695	368.5741
10.0773	367.8535
10.0834	366.4716
10.0886	365.7993
10.0954	365.6969
10.1039	364.7274
10.1112	362.6985
10.119	361.5718

