-0.0012	-0.6406
-0.0012	-0.5113
-0.0001	0.1357
0.003	2.2229
0.0059	4.6288
0.0082	6.0411
0.0112	7.9608
0.0132	9.6884
0.0144	10.6066
0.0163	11.6706
0.0194	13.7795
0.0213	15.2325
0.0229	16.4612
0.0252	17.9677
0.0273	19.1768
0.0293	20.8047
0.0325	22.9736
0.0338	23.501
0.0354	24.6907
0.0378	26.6332
0.0405	28.1927
0.0421	29.3457
0.044	30.739
0.0467	32.4976
0.0482	33.6121
0.0511	35.459
0.053	36.7713
0.0541	37.5653
0.0561	39.1064
0.0588	40.8073
0.0609	42.3134
0.0625	43.3297
0.0647	44.8359
0.0666	46.3795
0.0686	47.6343
0.0717	49.5678
0.0728	50.4439
0.0742	51.301
0.0766	53.0172
0.0794	54.8644
0.0808	55.6266
0.083	56.9291
0.0853	58.908
0.0869	59.8937
0.0894	61.3655
0.0916	63.0494
0.0926	63.756
0.0945	64.8957
0.0972	66.6683
0.0994	67.8149
0.1008	69.0161
0.1027	70.5676
0.1049	72.2181
0.1067	72.8612
0.1097	75.3743
0.1108	75.8963
0.1121	76.8261
0.1145	78.2134
0.1172	80.0969
0.1188	80.9966
0.1206	82.5586
0.1229	84.1511
0.1247	84.6797
0.1269	86.661
0.129	88.4103
0.1302	88.872
0.1319	89.998
0.1344	91.9129
0.1365	93.149
0.1379	94.3193
0.1399	95.5363
0.1421	96.761
0.1436	97.885
0.1465	100.2911
0.1477	100.7816
0.1492	101.5944
0.1513	102.9972
0.1538	104.9749
0.1554	105.7913
0.157	106.9883
0.1597	108.7261
0.1612	109.5882
0.1635	111.3631
0.1657	112.9012
0.1667	113.4383
0.1685	114.5572
0.1709	116.4402
0.1734	117.482
0.1746	118.697
0.1765	120.1178
0.1788	121.4601
0.1804	122.6828
0.183	124.4762
0.1844	125.4678
0.1856	126.1029
0.1877	127.5571
0.1903	129.1722
0.192	130.265
0.1936	131.5963
0.1958	133.1721
0.1977	133.9171
0.1998	135.561
0.2024	137.4657
0.2032	137.9194
0.2049	138.9888
0.2073	140.3849
0.2096	142.0014
0.2109	142.9151
0.2127	144.3097
0.2151	145.6106
0.2169	146.7838
0.2194	148.7015
0.2207	149.7831
0.2218	150.3246
0.2237	151.3436
0.2262	153.3103
0.228	154.3828
0.2296	155.6389
0.2319	156.943
0.2337	158.1146
0.2358	159.433
0.2382	161.3187
0.2393	161.8542
0.2409	162.6139
0.2432	164.1773
0.2456	166.0029
0.2468	166.7279
0.2486	167.7478
0.2513	169.622
0.2525	170.4949
0.2553	172.3812
0.2567	173.2211
0.2579	173.9557
0.2596	175.0416
0.2621	176.8761
0.2639	178.1361
0.2652	178.9346
0.2675	180.324
0.2693	181.7282
0.2712	182.9197
0.2737	184.5017
0.2746	185.1564
0.276	186.1292
0.2783	187.5579
0.2807	189.2003
0.2818	190.0607
0.2836	191.1154
0.2863	192.7935
0.2874	193.7605
0.2904	195.4482
0.2915	196.3013
0.2927	197.1283
0.2947	198.3686
0.2972	200.0344
0.2988	200.984
0.3003	202.0836
0.3022	203.4322
0.3041	204.5555
0.3062	206.1379
0.3086	207.5948
0.3094	208.0844
0.3108	209.0954
0.3128	210.4806
0.3155	212.2297
0.3166	212.6655
0.3186	214.1672
0.3211	215.7975
0.3223	216.4964
0.3255	218.5574
0.3265	219.0442
0.3278	220.0249
0.3295	221.2311
0.332	222.8106
0.3339	224.1659
0.3352	224.6709
0.3373	226.429
0.3392	227.4335
0.3412	228.7885
0.3436	230.5527
0.3444	230.7674
0.3457	231.9278
0.3478	233.2076
0.3505	234.9628
0.3516	235.6306
0.3534	236.8759
0.3558	238.462
0.3569	239.1913
0.3598	240.9605
0.3611	241.8755
0.3621	242.7276
0.3639	243.5841
0.3666	245.3281
0.3683	246.437
0.3698	247.2153
0.3718	248.91
0.3738	249.6587
0.3755	251.241
0.3783	252.7668
0.3789	253.3297
0.3802	254.3119
0.3825	255.4389
0.3849	257.5049
0.3862	257.8155
0.3878	259.29
0.39	260.6603
0.3912	261.4447
0.3941	263.3972
0.3956	263.9017
0.3965	264.7401
0.3982	265.9729
0.4006	267.5551
0.4022	268.8177
0.4039	269.6282
0.4059	270.8339
0.4077	271.9899
0.4095	273.1432
0.4122	274.8815
0.4129	275.4218
0.4143	276.0587
0.4166	277.6964
0.4187	279.2169
0.4201	280.0109
0.4219	281.0378
0.424	282.3908
0.4255	283.2954
0.428	284.9547
0.4296	286.0141
0.4304	286.5236
0.4323	287.7783
0.4345	289.1619
0.4366	290.6085
0.4379	291.3489
0.4399	292.5067
0.4417	293.9903
0.4433	294.5586
0.446	296.6338
0.4469	296.9009
0.4481	297.9327
0.4503	299.1602
0.4527	300.5604
0.4539	301.7
0.4556	302.6703
0.4579	304.1567
0.4592	304.9034
0.4614	306.4352
0.4635	307.7674
0.4643	308.2113
0.466	309.1023
0.4681	310.7592
0.4702	311.9056
0.4714	312.7924
0.4733	314.0802
0.4752	315.2946
0.4768	316.2195
0.4796	317.7207
0.4804	318.6225
0.4817	319.1167
0.4838	320.4531
0.4862	321.8976
0.4874	322.722
0.4893	323.7746
0.4915	325.0461
0.4928	325.9969
0.495	327.5033
0.4971	328.5527
0.4979	329.1187
0.4994	329.9422
0.502	331.6609
0.5038	332.8183
0.5051	333.5555
0.5068	334.9203
0.5088	335.9868
0.5102	336.8645
0.513	338.7027
0.5139	339.2751
0.5151	340.0078
0.5168	341.0269
0.5194	342.5741
0.5208	343.5198
0.5223	344.4254
0.5246	345.8761
0.5259	346.8005
0.5279	347.931
0.5301	349.0995
0.5311	349.6039
0.5325	350.5266
0.5349	352.2842
0.5371	353.247
0.5382	353.9193
0.54	355.1185
0.5422	356.4591
0.5438	357.4512
0.5461	358.8679
0.5471	359.4268
0.5485	360.2114
0.5504	361.308
0.5527	362.7921
0.5543	363.8187
0.5556	364.7719
0.5578	365.4667
0.5594	366.6481
0.5612	368.0105
0.5636	369.4484
0.5644	369.8106
0.5658	370.6878
0.5681	371.7305
0.5703	373.2337
0.5715	373.864
0.5731	374.979
0.5755	376.5875
0.5772	377.1306
0.5794	378.4011
0.5807	379.3933
0.5819	379.9492
0.5836	381.2142
0.5859	382.2878
0.5876	383.2026
0.5891	383.9861
0.5911	385.4552
0.5929	386.2183
0.5947	387.5054
0.5972	388.9432
0.5979	389.292
0.5995	389.7552
0.6017	391.3185
0.6039	392.6354
0.6051	393.4103
0.6068	393.9901
0.6093	395.5091
0.6105	396.0595
0.6133	397.9919
0.6146	398.1968
0.6156	398.8442
0.6176	399.9988
0.6199	401.499
0.6214	401.9768
0.6228	402.8282
0.625	404.1365
0.6268	405.212
0.6287	406.2447
0.6309	407.42
0.6318	407.7356
0.6333	408.6117
0.6352	409.9781
0.6379	410.9144
0.6389	411.8163
0.6405	412.5737
0.6431	414.0754
0.6444	414.3891
0.6472	416.0731
0.6483	416.3048
0.6495	417.2091
0.6514	418.2934
0.6542	419.3756
0.6558	420.2984
0.6574	420.7934
0.6593	422.1144
0.6613	422.7133
0.6635	424.1598
0.6659	425.5275
0.6666	425.7238
0.6681	426.3058
0.6705	426.9591
0.6729	428.6378
0.6742	429.1235
0.6759	430.2723
0.6782	431.2073
0.6795	431.6109
0.6826	433.2601
0.684	433.9271
0.6852	434.5217
0.6869	434.8555
0.6896	436.7305
0.6915	437.2185
0.693	437.8389
0.695	438.6196
0.6971	439.6186
0.6991	440.6532
0.7018	442.2605
0.7028	442.5179
0.7045	443.0465
0.7069	443.3987
0.7094	444.8798
0.7108	445.4192
0.713	446.3553
0.7152	447.3392
0.7168	447.8897
0.7198	449.1172
0.7217	449.6926
0.7229	449.9943
0.7248	450.9098
0.7277	451.9108
0.7298	453.0807
0.7316	453.4138
0.7338	454.536
0.7361	455.0557
0.7384	455.5154
0.7413	457.1424
0.7425	457.1249
0.7442	457.397
0.7467	458.9477
0.7495	459.6538
0.7512	459.936
0.7534	460.6871
0.7559	461.5591
0.7577	462.1173
0.7609	463.3549
0.763	463.7278
0.7646	463.8405
0.7668	464.7732
0.7699	465.7357
0.7725	466.5343
0.7744	466.9765
0.7772	467.6219
0.7797	467.9964
0.7821	468.6198
0.7858	470.1058
0.7874	470.0338
0.7893	470.3926
0.7922	471.3035
0.7953	471.8536
0.7974	472.1077
0.7999	472.7806
0.8029	473.6828
0.8052	473.7794
0.8085	474.9839
0.8114	475.5393
0.8132	475.4642
0.8157	475.8555
0.8194	476.5744
0.8225	477.116
0.8248	477.2796
0.8281	477.9853
0.8312	478.5024
0.8337	478.9892
0.8379	479.7397
0.8401	479.6224
0.8424	479.6699
0.8458	480.2665
0.8495	481.3116
0.8521	481.3643
0.8551	481.7075
0.8586	482.1053
0.8614	482.1707
0.865	483.0245
0.8688	483.4505
0.871	483.1734
0.8741	483.493
0.8778	484.1008
0.8815	484.5684
0.8843	484.5593
0.8878	484.876
0.8915	485.3892
0.8947	485.5094
0.8993	486.4995
0.9022	486.0817
0.905	486.0123
0.9087	486.6223
0.9129	487.4658
0.916	487.3737
0.9194	487.5689
0.9233	487.8546
0.9266	487.8474
0.9305	487.9852
0.9347	488.3724
0.9374	487.9813
0.9406	488.127
0.945	489.0347
0.9493	489.5257
0.9523	489.2018
0.9562	489.5929
0.9603	490.0255
0.9636	489.9401
0.9685	490.675
0.9717	490.4052
0.9747	490.1861
0.9785	490.5854
0.9831	491.2101
0.9868	491.1616
0.9904	491.1996
0.9947	491.6976
0.9984	491.6432
1.0026	492.009
1.0073	492.2525
1.0103	491.8969
1.0135	491.9311
1.018	492.3242
1.0225	492.5521
1.0259	492.4089
1.0299	492.5156
1.0344	492.8128
1.0382	492.8093
1.043	493.3174
1.0464	492.882
1.0497	492.7166
1.0536	492.962
1.0583	493.5068
1.0621	493.4558
1.0658	493.4447
1.0704	493.6391
1.0743	493.6506
1.0785	493.8644
1.0835	494.2457
1.0865	493.6393
1.09	493.642
1.0943	494.0468
1.0991	494.5398
1.1026	494.1371
1.1065	494.1993
1.1114	494.8908
1.1155	494.7464
1.1202	495.3604
1.124	494.7837
1.1272	494.4572
1.1312	494.6184
1.1358	495.4792
1.1401	495.423
1.1438	495.2109
1.1481	495.53
1.1527	495.5659
1.1568	495.6566
1.1621	496.0128
1.1651	495.4406
1.1689	495.4212
1.1734	495.7116
1.1781	495.9838
1.1815	495.7054
1.1855	495.6802
1.1907	496.1324
1.1942	495.8466
1.1996	496.3044
1.2034	496.0092
1.2069	495.6632
1.2111	495.8138
1.216	496.1692
1.22	496.0997
1.2238	495.9448
1.2284	496.1599
1.2329	496.144
1.2373	496.2159
1.2426	496.5285
1.2457	496.0008
1.2494	495.9214
1.2538	496.1214
1.2588	496.3794
1.2626	496.1211
1.2666	496.093
1.2718	496.5016
1.2753	496.14
1.2811	496.6876
1.2851	496.2564
1.2884	495.9908
1.2926	496.0657
1.2976	496.3947
1.3017	496.2369
1.3056	496.1258
1.31	496.2501
1.3145	496.2374
1.3193	496.4059
1.3247	496.6918
1.3281	496.1232
1.332	496.0183
1.3364	496.1362
1.3417	496.5048
1.3455	496.1456
1.3496	496.1455
1.3548	496.4754
1.3584	496.1288
1.3639	496.6795
1.3681	496.2242
1.3717	495.9498
1.3756	495.9759
1.3808	496.2782
1.3853	496.2461
1.3895	496.1105
1.3938	496.1697
1.3987	496.1862
1.4032	496.2489
1.4089	496.5837
1.4122	496.0351
1.4158	495.8327
1.4205	496.1032
1.4257	496.3427
1.4293	496.0414
1.434	496.0638
1.4389	496.2425
1.4429	496.0337
1.4485	496.4624
1.4529	496.1792
1.4564	495.8154
1.4605	495.7856
1.4657	496.1646
1.4703	496.1455
1.4742	495.9843
1.4791	496.1026
1.4835	496.0842
1.4882	496.1197
1.4941	496.5007
1.4975	495.9082
1.5013	495.6202
1.506	495.9489
1.5115	496.1946
1.5155	495.9479
1.52	495.9329
1.5248	496.0796
1.5286	495.796
1.5343	496.2121
1.5389	496.081
1.5423	495.6059
1.5467	495.6238
1.552	496.077
1.5566	496.0066
1.5608	495.7584
1.5659	495.9353
1.5705	495.8851
1.5749	495.7942
1.5807	496.2328
1.5842	495.6817
1.5882	495.4448
1.5929	495.6639
1.5983	496.0319
1.6024	495.6896
1.6069	495.6685
1.6121	495.9282
1.6163	495.6328
1.6217	496.0121
1.6265	495.8741
1.6303	495.2171
1.6345	495.1753
1.6397	495.6972
1.6447	495.7242
1.6489	495.4866
1.6538	495.6124
1.6584	495.5794
1.6628	495.4598
1.6687	495.9754
1.6726	495.3387
1.6764	494.7256
1.6814	495.2245
1.6869	495.6257
1.6914	495.2403
1.6958	495.1525
1.7008	495.5097
1.705	495.0231
1.7101	495.4456
1.7154	495.5146
1.719	494.5659
1.7235	494.5296
1.7288	495.0735
1.7339	495.2686
1.7382	494.647
1.743	494.7525
1.7479	494.8782
1.7524	494.6596
1.7581	495.5059
1.762	494.491
1.7661	493.996
1.7712	494.3368
1.7766	494.838
1.781	494.416
1.7857	494.2893
1.7908	494.6134
1.7953	494.2083
1.8004	494.4272
1.806	494.5642
1.8097	493.8057
1.8144	493.6375
1.8197	494.1606
1.8248	494.2426
1.8292	493.815
1.8337	493.8038
1.8391	493.9766
1.8434	493.6595
1.8495	494.2869
1.8538	493.5885
1.8578	493.3127
1.8626	493.4525
1.8682	493.7088
1.8728	493.5214
1.8772	493.3997
1.8824	493.5337
1.8872	493.4275
1.8925	493.4993
1.8981	493.5496
1.9021	492.8823
1.9066	492.7241
1.9118	493.0391
1.9171	493.3191
1.9212	492.796
1.926	492.7573
1.9314	492.9426
1.9362	492.7807
1.9418	493.0952
1.9463	492.6233
1.9506	492.3702
1.9552	492.4161
1.9608	492.6495
1.9655	492.4875
1.9701	492.3204
1.9753	492.4401
1.9806	492.3765
1.9855	492.3911
1.9913	492.5054
1.9952	492.0038
1.9998	491.8063
2.005	492.0572
2.0106	492.1685
2.0148	491.7714
2.0197	491.5476
2.0253	492.0399
2.03	491.7363
2.0358	492.0136
2.0403	491.4311
2.0443	490.7607
2.0493	490.778
2.0552	491.3927
2.0604	491.138
2.0649	490.6558
2.0701	490.782
2.0752	490.6997
2.0801	490.6703
2.0862	491.0027
2.09	490.1484
2.0947	489.9497
2.1	490.1656
2.1054	490.3373
2.1099	489.8635
2.1147	489.6438
2.1206	490.1284
2.125	489.6082
2.131	490.1065
2.136	489.531
2.1403	488.7424
2.1452	488.7372
2.1509	489.2177
2.1557	488.8086
2.16	488.409
2.1654	488.6443
2.1708	488.5099
2.176	488.5126
2.1822	488.7149
2.1864	487.8804
2.1909	487.7954
2.1963	487.87
2.2018	487.9377
2.2064	487.7529
2.211	487.6285
2.2168	487.8468
2.2213	487.4861
2.2277	487.8385
2.2328	487.4062
2.2372	486.591
2.242	486.5799
2.2477	487.157
2.2528	486.6387
2.2574	486.3353
2.2626	486.4063
2.2677	486.2326
2.2732	486.3499
2.2793	486.4402
2.2833	485.3789
2.2879	484.9716
2.2932	485.1525
2.2992	485.4947
2.3036	484.7997
2.3086	484.7117
2.3145	485.0272
2.319	484.5049
2.3256	484.9612
2.3303	484.3557
2.3346	483.7082
2.3394	483.6283
2.3452	483.9214
2.3507	483.7458
2.3556	483.4536
2.3605	483.37
2.366	483.2628
2.3712	483.2462
2.3773	483.3749
2.3816	482.2003
2.386	481.9094
2.3916	482.0203
2.3975	482.2085
2.402	481.8498
2.407	481.725
2.4128	481.8685
2.4173	481.3661
2.4237	481.7947
2.4289	481.0667
2.4332	480.1745
2.4379	480.0356
2.4439	480.4497
2.4488	480.1208
2.4535	479.7316
2.459	479.7666
2.4643	479.6336
2.4696	479.5708
2.4762	479.6879
2.4806	478.9173
2.4851	478.2864
2.4904	478.4943
2.4963	478.9107
2.501	477.9678
2.5061	477.7422
2.5118	477.7403
2.5164	477.1432
2.5227	477.5845
2.5283	477.0526
2.5326	476.1129
2.5375	475.997
2.5434	476.2832
2.5485	476.0347
2.5536	475.8383
2.559	475.8182
2.5643	475.6232
2.5693	475.2788
2.576	475.6941
2.5804	474.3407
2.5851	473.7426
2.5904	473.8861
2.5966	474.0138
2.6014	473.6458
2.6067	473.4242
2.6123	473.4306
2.6171	472.5995
2.6231	472.9095
2.6288	472.2361
2.6333	471.4404
2.6385	471.3805
2.6445	471.5082
2.65	471.4081
2.655	471.0641
2.6603	470.9962
2.6659	470.6262
2.6707	470.046
2.6774	470.4502
2.6823	469.4081
2.6869	468.4103
2.6923	468.5231
2.6982	468.7889
2.7031	468.0024
2.7084	467.806
2.7143	467.7958
2.7193	467.4018
2.7251	467.364
2.7314	467.1049
2.7358	465.9248
2.7406	465.5988
2.7465	465.804
2.7522	465.6106
2.7572	465.237
2.7629	465.0683
2.7684	464.6304
2.7734	463.9703
2.7802	464.2407
2.785	463.2156
2.7896	462.6363
2.795	462.6679
2.8013	462.8117
2.8064	462.1212
2.8116	461.4851
2.8174	461.4169
2.8222	460.9672
2.8281	460.7242
2.8344	460.3405
2.839	459.4974
2.8439	459.4058
2.8498	459.4649
2.8559	459.3636
2.8608	458.4781
2.866	458.13
2.872	457.74
2.8771	457.1553
2.884	457.2321
2.8891	455.9152
2.894	455.2405
2.8996	455.2243
2.9054	455.2404
2.9108	454.9323
2.916	454.4831
2.9219	454.3992
2.9274	453.5806
2.9332	453.3553
2.9397	453.0295
2.9445	451.416
2.9494	451.2278
2.9549	451.2889
2.9612	451.1893
2.9662	450.2993
2.9717	449.8333
2.9779	449.4878
2.9833	449.0353
2.9895	449.0088
2.995	447.7511
2.9999	447.0862
3.0052	446.9386
3.0115	446.8942
3.0175	445.9339
3.0235	444.3839

