-0.001	-1.1077
-0.001	-1.0615
0.0004	0.2001
0.0034	2.2308
0.0066	4.8358
0.0083	5.8198
0.0099	6.8802
0.0119	8.8516
0.0149	10.5732
0.0164	11.5614
0.0184	13.1777
0.021	15.027
0.0225	16.262
0.0255	18.086
0.0273	19.5338
0.0286	20.5466
0.0303	21.8285
0.0329	23.3865
0.0355	25.439
0.0369	26.4205
0.0388	27.7081
0.0411	29.5257
0.043	30.6785
0.046	32.9639
0.0469	33.6864
0.0485	34.6751
0.0508	36.138
0.0535	38.3118
0.0548	39.0738
0.057	40.543
0.0592	42.2735
0.0609	43.1982
0.0634	45.0129
0.0657	46.8762
0.0668	47.4192
0.0687	48.585
0.071	50.4681
0.0735	51.811
0.0749	53.0141
0.077	54.5937
0.0792	55.7048
0.0808	57.0338
0.0842	59.5631
0.0849	59.8954
0.0863	60.7599
0.0884	62.4259
0.0909	64.1232
0.0925	65.5656
0.0944	66.6145
0.0965	67.8467
0.0982	69.1131
0.1006	71.2745
0.103	72.169
0.1037	72.7681
0.1055	74.2466
0.1081	76.0674
0.1104	77.8301
0.1116	78.2938
0.1138	79.9447
0.116	81.2294
0.1174	82.6129
0.1204	84.2211
0.1215	84.9482
0.1227	86.1384
0.1249	87.9126
0.1275	89.3246
0.129	90.3274
0.1307	91.6733
0.1329	93.0402
0.1347	94.5555
0.1367	95.9704
0.139	97.0778
0.14	97.6761
0.1416	99.2178
0.1441	100.8134
0.1463	102.3629
0.1476	102.9921
0.1496	104.7999
0.1518	105.8422
0.1532	107.0103
0.1559	108.8962
0.157	109.5518
0.1584	110.6703
0.1605	111.9844
0.1628	113.6619
0.1646	114.849
0.1663	115.9733
0.1684	117.3768
0.1701	118.3147
0.1721	120.1029
0.1747	121.5494
0.1754	122.0852
0.1771	123.3001
0.1795	125.1971
0.1818	126.4477
0.1828	127.4043
0.1849	128.6455
0.1871	129.834
0.1886	131.2024
0.1915	133.2999
0.1927	133.7429
0.1936	134.1534
0.1957	135.8491
0.1984	137.9141
0.1999	138.7121
0.2015	139.66
0.2037	141.3349
0.2052	142.2311
0.2073	143.9849
0.2096	145.4483
0.2107	145.8278
0.2119	146.5575
0.2145	148.5955
0.2167	150.4663
0.2179	150.7689
0.2196	151.8345
0.222	153.8016
0.2233	154.5678
0.2262	156.5399
0.2274	157.2117
0.2286	158.0095
0.2305	159.1135
0.2328	161.0727
0.2346	162.412
0.2359	162.8489
0.2383	164.3879
0.24	165.7951
0.242	167.1339
0.2444	168.5167
0.2451	169.1512
0.2465	170.2104
0.2488	171.4988
0.2511	173.3427
0.2525	174.0655
0.2541	175.1477
0.2565	176.6202
0.2578	177.8694
0.2605	179.385
0.2618	180.1492
0.2628	181.0401
0.2648	182.338
0.267	183.775
0.2689	185.0236
0.2701	185.9297
0.272	187.2513
0.2741	188.3727
0.2757	189.6788
0.2785	191.401
0.2792	191.8814
0.2806	192.8241
0.2827	194.3746
0.2849	195.7769
0.2862	196.3374
0.2878	197.6227
0.2903	199.4569
0.2917	200.3594
0.2943	201.7621
0.2956	202.6599
0.2965	203.6085
0.2982	204.583
0.3007	206.2767
0.3025	207.4774
0.3038	208.1027
0.3055	209.3782
0.308	211.0981
0.3093	212.0284
0.3119	213.4683
0.3127	213.9164
0.3141	215.0661
0.3161	216.5029
0.3184	217.8115
0.3198	218.9005
0.3212	219.7474
0.3237	221.4088
0.3248	222.2352
0.3275	223.9178
0.3289	224.8456
0.3298	225.3869
0.3315	226.3891
0.3338	228.2806
0.3357	229.3109
0.3368	229.981
0.3386	231.2972
0.3408	232.7126
0.3424	233.8385
0.345	235.6176
0.3456	235.8907
0.3471	236.7401
0.349	238.017
0.3516	239.9288
0.3525	240.5956
0.3541	241.3908
0.3564	242.937
0.3576	243.9998
0.3602	245.4776
0.3618	246.6072
0.3625	246.9392
0.3642	248.1416
0.3665	249.8016
0.3685	250.6695
0.3696	251.6624
0.3712	252.8232
0.3734	254.0939
0.3749	255.2012
0.3776	256.7819
0.3784	257.3071
0.3796	258.2909
0.3815	259.2167
0.384	261.1347
0.385	261.817
0.3865	262.7067
0.3889	264.3899
0.3901	264.9908
0.3926	266.8553
0.3941	267.7838
0.3948	268.2947
0.3964	269.1339
0.3989	270.7529
0.4009	272.0315
0.402	273.0074
0.4037	273.9065
0.4057	275.2446
0.4071	276.0631
0.4098	277.8725
0.4106	278.3503
0.4118	279.1992
0.4136	280.4429
0.4161	281.8403
0.4173	282.8357
0.4187	283.7559
0.4208	285.1913
0.4222	285.9008
0.4244	287.3395
0.4265	288.7424
0.4271	289.3562
0.4286	289.8132
0.4309	291.6838
0.4327	292.7512
0.4336	293.5303
0.4356	294.74
0.4376	295.8755
0.4388	296.6113
0.4417	298.5345
0.4425	298.8958
0.4434	299.7757
0.4453	300.8959
0.4478	302.233
0.449	303.4036
0.4506	304.2841
0.4525	305.5936
0.4538	306.3971
0.4561	307.851
0.4578	308.9869
0.4585	309.4129
0.46	310.3806
0.4622	311.895
0.464	312.8931
0.4652	313.7367
0.4669	314.7035
0.4689	316.1662
0.4701	316.8365
0.4728	318.5306
0.4737	318.9675
0.4746	319.7144
0.4766	320.7707
0.4789	322.5388
0.4801	323.1095
0.4815	324.0101
0.4836	325.387
0.4847	326.3149
0.4867	327.2422
0.4891	329.1105
0.4894	329.1476
0.4908	329.9023
0.4931	331.4253
0.4951	332.8021
0.4961	333.2227
0.4979	334.6012
0.4997	335.4478
0.5008	336.356
0.5034	337.8929
0.5043	338.6054
0.5054	339.1436
0.5072	340.4243
0.5093	341.8332
0.5108	342.7928
0.512	343.3903
0.5141	344.7904
0.5153	345.4842
0.5172	346.5572
0.5195	348.1691
0.52	348.3981
0.5214	349.3201
0.5233	350.4817
0.5254	351.6145
0.5263	352.2422
0.5281	353.718
0.5301	354.6913
0.5312	355.3348
0.5335	356.9157
0.5347	357.5244
0.5353	357.8891
0.5371	359.2805
0.5396	360.5508
0.5408	361.478
0.542	362.1325
0.5439	363.2965
0.5455	364.1555
0.5471	365.4216
0.5491	366.7596
0.55	367.0481
0.5511	367.5695
0.5534	368.805
0.5552	370.4233
0.5562	371.0007
0.5577	371.878
0.5598	373.0207
0.561	373.7144
0.5635	375.1579
0.5644	375.8767
0.5654	376.2425
0.567	377.2444
0.5692	378.839
0.5707	379.5142
0.5718	379.957
0.5738	381.3959
0.5752	382.4093
0.5768	383.4534
0.5789	384.5364
0.5795	384.8707
0.5808	385.4218
0.5827	386.8152
0.5848	388.0264
0.5858	388.501
0.5873	389.4251
0.5894	390.7818
0.5904	391.5244
0.5929	392.6026
0.5941	393.2895
0.595	393.8835
0.5966	394.8407
0.5988	396.0871
0.6004	396.9312
0.6015	397.5609
0.603	398.5619
0.6051	399.832
0.6065	400.4695
0.6089	401.8049
0.6094	402.0115
0.6106	402.9263
0.6126	404.0409
0.6146	404.9334
0.6157	405.555
0.6169	406.3398
0.6194	407.7703
0.6207	408.5192
0.6228	409.5949
0.624	410.1006
0.625	410.5955
0.6263	411.417
0.6285	412.6632
0.6301	413.3438
0.6313	414.193
0.6329	415.2159
0.6351	416.405
0.6365	416.761
0.6389	418.131
0.6394	418.2959
0.6409	418.9321
0.6428	420.117
0.6447	421.2134
0.646	421.723
0.6474	422.4021
0.6498	423.5977
0.6509	424.1662
0.6535	425.2471
0.6549	426.0517
0.6556	426.4927
0.6572	427.4058
0.6596	428.5636
0.6614	429.028
0.6626	429.3188
0.6642	430.4386
0.6665	431.5517
0.6679	432.421
0.6706	433.7242
0.6713	433.761
0.6726	434.0953
0.6745	434.8927
0.677	436.4573
0.6782	437.0258
0.6797	437.4127
0.6822	438.6171
0.6834	439.1368
0.6861	440.3435
0.6877	440.7529
0.6887	440.9359
0.6903	441.4483
0.6928	442.7761
0.6948	443.6186
0.6962	444.0156
0.698	445.133
0.7004	445.8902
0.7019	446.058
0.705	447.533
0.7058	447.5367
0.7072	447.8619
0.7091	448.9796
0.7118	450.0255
0.7132	450.2778
0.7152	450.9869
0.7177	451.9818
0.7192	452.1357
0.722	453.5156
0.7244	453.9116
0.7254	453.9377
0.7272	454.4413
0.7299	455.9238
0.7323	456.6224
0.734	456.9814
0.7359	457.5981
0.7384	458.2097
0.7403	458.5074
0.7439	459.8582
0.7449	459.8579
0.7465	460.042
0.7488	461.1667
0.7518	462.1989
0.7535	462.2743
0.7557	462.5168
0.7585	463.5453
0.7602	463.9317
0.7632	464.8091
0.7659	465.4369
0.7672	465.3448
0.7691	465.838
0.7721	466.6586
0.775	467.4952
0.7769	467.6257
0.7796	468.2882
0.7822	468.7127
0.7843	469.2576
0.7882	470.6292
0.7898	470.4997
0.7917	470.5709
0.7944	470.7679
0.798	471.9576
0.8001	472.3536
0.8025	472.6765
0.8056	473.5019
0.8077	473.6515
0.8111	474.3141
0.8145	474.694
0.8161	474.4987
0.8186	474.7692
0.8219	475.9344
0.8251	476.6763
0.8272	476.6683
0.8302	476.8345
0.8334	477.6874
0.8358	477.8345
0.8399	478.9069
0.8423	478.784
0.8443	478.7623
0.8474	479.0338
0.8513	479.775
0.8541	479.8959
0.8568	480.5153
0.8602	480.9421
0.8631	481.1169
0.8665	482.1374
0.8703	482.6208
0.8723	482.3257
0.875	482.5643
0.8789	483.0774
0.8826	483.4162
0.8851	483.3163
0.8883	483.8691
0.8921	484.397
0.8949	484.4072
0.8991	485.1219
0.9021	484.9913
0.9047	484.9766
0.908	485.4789
0.9121	486.3815
0.9154	486.5452
0.9185	486.6891
0.9225	487.1024
0.9256	487.1378
0.9291	487.4221
0.9336	488.0106
0.936	487.5484
0.9391	487.6912
0.943	488.4817
0.9471	489.1381
0.9501	489.0283
0.9538	489.2011
0.9579	489.5364
0.961	489.4943
0.9657	490.3944
0.9691	490.1628
0.9718	490.0248
0.9755	490.4058
0.9802	490.9268
0.9835	490.8537
0.9869	490.8972
0.9911	491.1205
0.9948	491.127
0.9985	491.3126
1.0034	491.9356
1.0061	491.3196
1.0093	491.3149
1.0136	492.2145
1.0183	492.9561
1.0215	492.3979
1.0255	492.8909
1.0298	493.2415
1.0332	493.2029
1.0382	493.6987
1.042	493.3975
1.045	493.2435
1.0488	493.3893
1.0534	494.2134
1.0576	494.349
1.061	494.1107
1.0657	494.7336
1.0696	494.7407
1.0737	494.9515
1.0786	495.3444
1.0817	494.8766
1.0852	494.8162
1.0897	495.3167
1.0945	495.4785
1.0979	495.3507
1.1021	495.4328
1.1067	495.5605
1.1105	495.5267
1.1157	495.7491
1.1197	495.5939
1.1231	495.5114
1.1269	495.558
1.1316	495.8183
1.1361	495.9417
1.1397	495.7707
1.1439	495.9029
1.1487	496.1404
1.1526	496.1309
1.1582	496.9355
1.1613	496.0868
1.165	496.041
1.1692	496.3189
1.1744	497.0327
1.1782	496.6256
1.1823	496.5826
1.1874	497.2629
1.1915	497.1726
1.1964	497.3658
1.2007	497.2367
1.2041	496.876
1.2082	497.0403
1.2134	497.4221
1.2177	497.4747
1.2215	497.3239
1.2259	497.3586
1.2311	497.776
1.235	497.6231
1.2408	498.5614
1.2442	497.4355
1.2479	497.3892
1.2522	497.7458
1.2575	498.537
1.2617	497.9732
1.2654	497.8061
1.2707	498.8516
1.2748	498.2735
1.28	498.9629
1.2846	498.7626
1.288	498.0275
1.2922	498.246
1.2974	498.8737
1.3021	498.9872
1.306	498.6197
1.3102	498.7917
1.3153	499.0971
1.3195	499.0566
1.3253	499.2651
1.3289	498.8678
1.3325	498.7232
1.337	499.014
1.3426	499.2471
1.3466	499.1155
1.3508	499.056
1.3563	499.278
1.36	499.1077
1.3654	499.386
1.3699	499.2364
1.3735	499.0372
1.3775	499.0556
1.3829	499.2871
1.3878	499.3234
1.3915	499.1876
1.396	499.1966
1.4011	499.3598
1.4054	499.3167
1.4112	499.9229
1.4148	499.2156
1.4185	499.1523
1.4231	499.231
1.4285	499.7006
1.4327	499.3017
1.4368	499.2996
1.4419	499.7397
1.446	499.3338
1.4515	499.9304
1.4564	499.8073
1.4599	499.2572
1.464	499.2564
1.4692	499.6859
1.4742	499.9383
1.4782	499.5081
1.4828	499.5574
1.4879	499.8891
1.492	499.7754
1.4979	500.2285
1.5017	499.6602
1.5054	499.3026
1.51	499.611
1.5158	500.133
1.5199	499.8383
1.5243	499.7661
1.5293	500.0518
1.5335	499.7438
1.5386	500.1059
1.5439	500.1991
1.5475	499.5824
1.5515	499.5073
1.5567	500.0084
1.5618	500.1534
1.5658	499.8673
1.5705	499.9919
1.5755	500.1007
1.5797	499.9378
1.5861	500.7435
1.5898	499.9673
1.5934	499.5307
1.5982	499.9209
1.6035	500.3596
1.6079	500.0435
1.6121	500.0031
1.6171	500.2326
1.6213	499.9876
1.6269	500.4067
1.6323	500.6141
1.6359	499.8857
1.6401	499.8373
1.6454	500.2741
1.6505	500.4316
1.6547	500.0408
1.6593	500.1596
1.6643	500.3427
1.6685	500.0473
1.6746	500.9371
1.6788	500.2206
1.6825	499.8582
1.6873	500.0724
1.6929	500.6205
1.6974	500.2607
1.7018	500.1469
1.707	500.4579
1.7114	500.1873
1.7163	500.4665
1.722	500.7767
1.7254	499.9791
1.7297	499.9476
1.735	500.4796
1.7402	500.6676
1.7444	500.169
1.7492	500.3568
1.7543	500.5375
1.7586	500.1555
1.7646	500.9666
1.7689	500.3764
1.7726	499.9711
1.7774	500.1808
1.7828	500.657
1.7876	500.4161
1.7918	500.247
1.7969	500.6086
1.8016	500.372
1.8064	500.4326
1.8124	501.0209
1.8159	500.1198
1.8202	500.0537
1.8253	500.5592
1.8308	500.825
1.8348	500.3554
1.8399	500.4908
1.8451	500.7334
1.8495	500.4329
1.8554	501.0697
1.8597	500.487
1.8637	500.0359
1.8683	500.2556
1.874	500.885
1.8787	500.5339
1.8831	500.3343
1.8884	500.7632
1.893	500.5097
1.8981	500.6544
1.9038	501.0765
1.9074	500.2602
1.9117	500.0737
1.9171	500.6954
1.9226	500.9391
1.9268	500.3774
1.9316	500.457
1.937	500.7791
1.9412	500.436
1.9471	501.1756
1.9518	500.6139
1.9557	500.0876
1.9602	500.1993
1.9659	500.7373
1.9708	500.6986
1.975	500.3732
1.9803	500.7625
1.9852	500.6361
1.9901	500.7117
1.9959	501.1523
1.9998	500.3768
2.0039	500.1187
2.0093	500.6271
2.015	500.9904
2.0191	500.4612
2.0238	500.5325
2.0293	500.8929
2.0339	500.6334
2.0397	501.165
2.0445	500.6932
2.0484	500.1855
2.0531	500.2856
2.0585	500.7933
2.0636	500.7624
2.0678	500.4511
2.0729	500.5147
2.0781	500.7477
2.0827	500.6487
2.089	501.281
2.0928	500.357
2.0969	500.1677
2.102	500.4954
2.1075	500.9207
2.112	500.5509
2.1165	500.3646
2.122	500.9598
2.1268	500.6862
2.1325	501.0444
2.1372	500.7048
2.1411	500.1784
2.1455	500.2191
2.151	500.7668
2.1562	500.8059
2.1605	500.4843
2.1651	500.473
2.1708	500.8367
2.1751	500.6374
2.1813	501.2967
2.1851	500.3757
2.1894	500.1768
2.1943	500.4916
2.1999	500.9172
2.2043	500.5431
2.2088	500.3524
2.2145	501.0043
2.2188	500.5528
2.2245	501.1319
2.2294	500.8306
2.2333	500.1987
2.2378	500.2809
2.2433	500.7787
2.2485	500.847
2.2526	500.4376
2.2573	500.5294
2.2632	500.8565
2.2674	500.714
2.2736	501.3713
2.2773	500.4583
2.2815	500.2118
2.2864	500.4902
2.2922	501.105
2.2966	500.6031
2.3012	500.4446
2.3069	501.0541
2.3109	500.4982
2.3169	501.2137
2.3217	500.8581
2.3256	500.2534
2.3299	500.2086
2.3357	500.8466
2.3409	500.9217
2.345	500.505
2.3495	500.4935
2.3553	500.9163
2.3599	500.7838
2.3662	501.4611
2.37	500.5582
2.3742	500.244
2.3789	500.4351
2.385	501.1212
2.3891	500.5889
2.3937	500.546
2.399	500.9721
2.4036	500.5406
2.409	501.137
2.4145	501.0246
2.4181	500.3244
2.4226	500.2443
2.4281	500.8339
2.4335	501.0268
2.4378	500.5671
2.4425	500.5728
2.4479	500.9207
2.4524	500.7368
2.4586	501.3918
2.4625	500.5979
2.4666	500.2148
2.4716	500.5211
2.4774	501.2276
2.4819	500.6919
2.4866	500.6063
2.492	501.0063
2.4964	500.6076
2.5019	501.1291
2.5076	501.2164
2.5113	500.4054
2.5155	500.2502
2.5209	500.8104
2.5265	501.1119
2.5308	500.6133
2.5359	500.7381
2.541	500.9108
2.5456	500.6401
2.5521	501.5159
2.5562	500.6479
2.5599	500.1663
2.565	500.5317
2.5707	501.1064
2.5752	500.6901
2.5797	500.6191
2.585	500.9373
2.5896	500.5341
2.595	501.0452
2.6006	501.2153
2.6043	500.3835
2.6086	500.2827
2.6142	500.9272
2.6196	501.0428
2.6239	500.5914
2.6287	500.7043
2.6339	500.8551
2.638	500.57
2.6445	501.4439
2.6488	500.7531
2.6525	500.2088
2.6575	500.5468
2.6631	501.0956
2.6678	500.7464
2.6724	500.6641
2.6777	500.955
2.6824	500.7017
2.6874	500.963
2.6932	501.3014
2.6969	500.3905
2.7012	500.2817
2.7066	500.861
2.7124	501.1523
2.7166	500.6576
2.7214	500.7975
2.7266	501.0068
2.731	500.6183
2.737	501.4052
2.7415	500.8094
2.7454	500.3016
2.7505	500.6366
2.7562	501.1893
2.761	500.8587
2.7653	500.6759
2.7708	501.0535
2.7754	500.75
2.7803	500.8695
2.7863	501.3766
2.7899	500.5071
2.7943	500.4152
2.7998	500.8726
2.8051	501.1489
2.8094	500.6081
2.8141	500.7491
2.8194	501.022
2.824	500.7118
2.8299	501.4003
2.8344	500.8364
2.8384	500.328
2.8432	500.5722
2.8488	501.194
2.8535	500.8527
2.8579	500.6925
2.8633	501.0941
2.8679	500.783
2.8729	500.9604
2.8787	501.3549
2.8827	500.6058
2.8868	500.38
2.8922	501.0051
2.8977	501.2561
2.902	500.7232
2.9068	500.7796
2.9121	501.1396
2.9167	500.7662
2.9227	501.4467
2.9273	501.0019
2.9311	500.4418
2.9358	500.5539
2.9413	501.1331
2.9464	501.0319
2.9507	500.6877
2.9559	501.0558
2.9609	500.9184
2.9659	501.0244
2.9716	501.4418
2.9756	500.6935
2.9799	500.4571
2.9852	500.911
2.9907	501.2733
2.995	500.7452
2.9999	500.7835
3.0053	501.2061
3.0099	500.9028
3.0154	501.4089
3.0202	501.0382
3.0243	500.5615
3.0289	500.6177
3.0345	501.1386
3.0397	501.1496
3.0441	500.7879
3.0491	500.8426
3.0544	501.1602
3.0589	501.0191
3.0651	501.5111
3.0691	500.77
3.0735	500.5714
3.0784	500.8372
3.0842	501.2953
3.0886	500.8604
3.0931	500.7038
3.0988	501.3253
3.1036	501.0932
3.1093	501.4477
3.114	501.1117
3.1179	500.5451
3.1225	500.5509
3.1282	501.1496
3.1333	501.1722
3.1377	500.8007
3.1424	500.8603
3.148	501.2314
3.1527	500.9846
3.1589	501.5128
3.1629	500.7729
3.1671	500.5966
3.1722	500.8789
3.1776	501.2975
3.1822	500.8969
3.1866	500.7238
3.1924	501.406
3.197	500.9485
3.2025	501.4321
3.2078	501.2689
3.2119	500.6424
3.2165	500.6924
3.2219	501.1768
3.2271	501.259
3.2315	500.7928
3.2362	500.8788
3.242	501.2855
3.2466	501.1172
3.253	501.5256
3.2568	500.8577
3.2609	500.6142
3.2659	500.8091
3.2718	501.416
3.2763	500.9876
3.2809	500.7945
3.2868	501.4262
3.291	500.8577
3.297	501.4835
3.302	501.3102
3.3059	500.6366
3.3103	500.6085
3.3159	501.2239
3.3211	501.2576
3.3255	500.834
3.3303	500.7879
3.3361	501.273
3.3406	501.1165
3.3472	501.534
3.3509	500.9374
3.3552	500.611
3.36	500.791
3.3658	501.4498
3.3704	500.9539
3.375	500.8774
3.3807	501.3655
3.3851	500.9306
3.3909	501.4834
3.396	501.3762
3.4001	500.7042
3.4046	500.6435
3.4101	501.1823
3.4157	501.4114
3.42	501.0282
3.4248	501.0027
3.4304	501.3224
3.435	501.1382
3.441	501.5216
3.4453	501.0019
3.4494	500.5965
3.4546	500.9056
3.4606	501.4924
3.4651	501.0308
3.4694	500.9414
3.475	501.3458
3.4795	500.9277
3.4851	501.4101
3.4907	501.4557
3.4945	500.7142
3.4988	500.5844
3.5044	501.1537
3.5097	501.2971
3.5141	500.8639
3.519	501.0114
3.5242	501.1943
3.5285	500.8993
3.5354	501.5475
3.5393	501.0551
3.5432	500.5217
3.548	500.8232
3.5538	501.3883
3.5585	501.0976
3.5631	501.0049
3.5685	501.2926
3.5729	500.9011
3.5785	501.379
3.5843	501.4859
3.588	500.7482
3.5924	500.672
3.5979	501.2683
3.6032	501.396
3.6077	500.9913
3.6126	501.1173
3.6179	501.3107
3.6223	500.9392
3.6285	501.5405
3.6329	501.1786
3.6369	500.6031
3.6418	500.9242
3.6478	501.4753
3.6525	501.1585
3.657	501.0309
3.6624	501.3204
3.6672	501.063
3.6722	501.2915
3.678	501.4893
3.6817	500.7215
3.6859	500.6195
3.6914	501.2181
3.6969	501.4489
3.7013	500.9966
3.7063	501.1553
3.7117	501.3177
3.7159	500.9557
3.722	501.5182
3.7267	501.2152
3.7306	500.6649
3.7355	500.9492
3.7412	501.4049
3.7461	501.2092
3.7506	500.9933
3.7559	501.3245
3.7605	501.1056
3.7653	501.2166
3.7715	501.5191
3.7754	500.8789
3.7797	500.7383
3.7854	501.2323
3.7907	501.4919
3.7952	500.9993
3.7999	501.1518
3.8053	501.3622
3.8098	501.0809
3.8158	501.5251
3.8203	501.2193
3.8243	500.6422
3.8293	500.8917
3.8351	501.436
3.8398	501.1885
3.8443	501.0238
3.8497	501.403
3.8545	501.1777
3.8595	501.3152
3.8654	501.5064
3.8693	500.9393
3.8736	500.69
3.8793	501.3044
3.8846	501.4897
3.889	501.0756
3.8937	501.1024
3.8994	501.4244
3.9038	501.1134
3.9099	501.5352
3.9147	501.3111
3.9186	500.716
3.9232	500.8412
3.9288	501.3435
3.9339	501.3506
3.9384	501.0005
3.9439	501.3829
3.9489	501.2548
3.9539	501.3545
3.9599	501.5225
3.9638	500.9775
3.9679	500.7042
3.9732	501.1927
3.979	501.4963
3.9833	501.0123
3.9884	501.0826
3.9938	501.4307
3.9983	501.2017
4.0045	501.5172
4.009	501.2987
4.0131	500.7899
4.0176	500.8662
4.0233	501.3328
4.0284	501.356
4.0329	501.014
4.0377	501.0851
4.0431	501.3238
4.0479	501.2148
4.0541	501.5225
4.0579	500.9393
4.0624	500.7433
4.0675	501.0425
4.0733	501.462
4.0776	501.0632
4.0821	500.8974
4.0878	501.4831
4.0926	501.2632
4.0982	501.5151
4.103	501.2922
4.1071	500.7361
4.1116	500.7408
4.1172	501.2919
4.1226	501.3803
4.1269	501.0786
4.1317	501.0349
4.1374	501.4148
4.142	501.2238
4.1481	501.5256
4.152	500.9614
4.1563	500.7349
4.1612	501
4.167	501.4221
4.1715	501.0473
4.1759	500.8097
4.1817	501.4527
4.1862	501.0691
4.1918	501.4784
4.1969	501.3622
4.201	500.7204
4.2055	500.7625
4.2106	501.2896
4.2161	501.3414
4.2203	500.8787
4.225	500.9667
4.2308	501.3787
4.2354	501.2111
4.242	501.5278
4.2457	500.9468
4.2499	500.7039
4.2547	500.9366
4.2607	501.4959
4.265	501.1174
4.2696	500.8833
4.2754	501.4725
4.2798	501.0266
4.2857	501.5208
4.2907	501.3522
4.2946	500.7686
4.299	500.6988
4.3049	501.3095
4.3103	501.4179
4.3144	500.9704
4.3193	500.9491
4.325	501.3878
4.3296	501.2466
4.3362	501.5358
4.34	501.0024
4.3442	500.6639
4.349	500.8536
4.355	501.4899
4.3595	500.9877
4.3641	500.8981
4.3695	501.3788
4.374	500.9495
4.3799	501.4927
4.3849	501.3746
4.3887	500.7027
4.3933	500.6052
4.3988	501.1813
4.4045	501.3823
4.4088	500.9391
4.4134	500.9299
4.419	501.2889
4.4235	501.1053
4.4298	501.5199
4.4338	501.0134
4.4381	500.614
4.4431	500.8669
4.4491	501.4832
4.4535	501.0341
4.4583	500.9356
4.4637	501.3712
4.4681	500.9511
4.4738	501.38
4.4794	501.4242
4.4833	500.7264
4.4877	500.6044
4.4933	501.1553
4.4988	501.3203
4.503	500.8886
4.5079	501.0519
4.5134	501.2153
4.5177	500.9159
4.5247	501.5416
4.5283	500.9557
4.5324	500.4616
4.5375	500.7721
4.5433	501.3498
4.5479	501.062
4.5526	500.9252
4.5581	501.2261
4.5625	500.8101
4.5682	501.3152
4.5738	501.4352
4.5776	500.6303
4.5819	500.5285
4.5875	501.0915
4.593	501.272
4.5972	500.8182
4.6024	500.9367
4.6077	501.1413
4.612	500.7657
4.6185	501.5177
4.6227	500.9703
4.6265	500.4189
4.6314	500.7268
4.6374	501.2503
4.6421	500.9303
4.6467	500.8099
4.6523	501.1813
4.657	500.8896
4.6623	501.152
4.6681	501.4174
4.6717	500.5707
4.6762	500.4717
4.6819	501.0641
4.6874	501.2695
4.6917	500.7381
4.6968	500.8669
4.7022	501.0881
4.7063	500.6738
4.7125	501.447
4.7171	500.9257
4.7211	500.3863
4.726	500.6392
4.7318	501.119
4.7367	500.9009
4.7413	500.6905
4.7466	501.0437
4.7512	500.7438
4.756	500.8131
4.7621	501.3847
4.7657	500.5115
4.7703	500.3841
4.776	500.8827
4.7814	501.1833
4.7857	500.6141
4.7905	500.7075
4.796	500.9715
4.8006	500.6731
4.8066	501.3484
4.8112	500.809
4.8149	500.292
4.82	500.5306
4.8257	501.127
4.8304	500.8078
4.835	500.6057
4.8405	501.041
4.8454	500.7538
4.8504	500.8235
4.8564	501.293
4.8603	500.4985
4.8646	500.2429
4.8701	500.8437
4.8757	501.1239
4.88	500.5987
4.8849	500.6079
4.8904	500.9766
4.8949	500.5866
4.9009	501.2626
4.9058	500.8086
4.9097	500.2425
4.9146	500.3954
4.9202	500.8656
4.9251	500.7464
4.9294	500.4129
4.935	500.7529
4.9398	500.654
4.9451	500.7387
4.9509	501.1844
4.9548	500.3463
4.9588	500.0866
4.9642	500.4567
4.97	500.9062
4.9744	500.3825
4.9792	500.4247
4.9848	500.8118
4.9893	500.5296
4.995	500.9936
4.9996	500.6249
5.0038	500.1417
5.0084	500.1511
5.014	500.6123
5.0193	500.6801
5.0238	500.3185
5.0286	500.354
5.0341	500.5812
5.0387	500.4683
5.0447	501.0266
5.0484	500.2082
5.0529	500.0414
5.058	500.2521
5.0637	500.6765
5.0681	500.2581
5.0725	500.1313
5.0784	500.7044
5.0831	500.4867
5.0888	500.8939
5.0936	500.4853
5.0977	500.0217
5.1022	500.0116
5.1078	500.4321
5.113	500.4986
5.1172	500.1469
5.122	500.1569
5.1275	500.4993
5.1321	500.2704
5.1385	500.9283
5.1423	500.0628
5.1467	499.948
5.1516	500.0864
5.1574	500.5321
5.1617	500.118
5.1662	500.0163
5.172	500.5281
5.1765	500.1485
5.1821	500.6085
5.1874	500.4284
5.1913	499.9481
5.1959	499.9696
5.2014	500.2704
5.2067	500.3481
5.2109	500.0018
5.2156	500.0683
5.2213	500.3194
5.2261	500.1534
5.2324	500.7294
5.2362	499.9942
5.2405	499.8012
5.2452	499.9552
5.2513	500.4804
5.2557	500.0364
5.2602	499.9333
5.2659	500.3437
5.2703	499.9593
5.2763	500.5406
5.2815	500.2366
5.2853	499.7507
5.2898	499.6355
5.2953	500.0954
5.3006	500.1461
5.305	499.8805
5.3098	499.8469
5.3154	500.1288
5.3202	500.0365
5.3266	500.6285
5.3304	499.8649
5.3346	499.5267
5.3395	499.7158
5.3454	500.198
5.3499	499.8719
5.3547	499.7842
5.3602	500.096
5.3648	499.8355
5.3707	500.2174
5.3759	500.1273
5.3799	499.5513
5.3844	499.4605
5.39	499.9352
5.3958	500.0906
5.4003	499.727
5.4049	499.6785
5.4107	499.9998
5.4153	499.8571
5.4214	500.272
5.4257	499.6644
5.4299	499.2963
5.435	499.4832
5.4411	500.0295
5.4455	499.6249
5.4504	499.543
5.4559	499.9164
5.4603	499.4802
5.4661	499.92
5.4718	499.913
5.4755	499.2787
5.48	499.2274
5.4856	499.5155
5.491	499.7534
5.4953	499.3092
5.5004	499.3617
5.5059	499.5506
5.5103	499.3133
5.5169	500.0579
5.521	499.3218
5.5251	499.1624
5.5303	499.2446
5.5363	499.6705
5.5408	499.3105
5.5455	499.2663
5.5509	499.3915
5.5554	499.226
5.561	499.4774
5.567	499.6948
5.5708	499.1561
5.5752	499.1137
5.5809	499.283
5.5865	499.3704
5.5908	499.2028
5.5959	499.2349
5.6013	499.2728
5.6058	499.1668
5.6121	499.6368
5.6164	499.2023
5.6206	498.9865
5.6257	499.1332
5.6318	499.2883
5.6364	499.1851
5.6412	499.1254
5.6466	499.2094
5.6514	499.1286
5.6566	499.1915
5.6627	499.2919
5.6663	498.8692
5.6707	498.6974
5.6763	499.1218
5.6821	499.1867
5.6865	498.9714
5.6916	499.0269
5.6971	499.0985
5.7013	498.8329
5.7076	499.2126
5.7124	498.9985
5.7164	498.371
5.7215	498.6626
5.7274	499.051
5.7322	498.882
5.7369	498.6542
5.7424	498.9722
5.7472	498.6744
5.7522	498.7014
5.7586	499.1183
5.7626	498.1925
5.767	497.8921
5.7724	498.5452
5.7782	498.9105
5.7827	498.1773
5.7877	498.2659
5.7931	498.5353
5.7977	498.0235
5.8039	498.8219
5.8084	498.0484
5.8126	497.392
5.8177	497.5926
5.8236	498.4081
5.8283	497.7917
5.833	497.4954
5.8384	497.8696
5.8433	497.5522
5.8486	497.6448
5.8544	498.1556
5.8585	497.287
5.863	497.1639
5.8686	497.4077
5.8741	497.5747
5.8785	497.2339
5.8835	497.2651
5.8892	497.3797
5.8937	497.1901
5.8997	497.5833
5.9047	497.244
5.9086	496.653
5.9137	496.7244
5.9195	497.2047
5.9246	497.0796
5.9289	496.5925
5.9346	497.0324
5.9396	496.8326
5.9448	496.8002
5.9508	497.1588
5.9548	496.1939
5.9591	495.9973
5.9647	496.2383
5.9705	496.6668
5.9748	496.097
5.9799	496.0652
5.9854	496.2279
5.9902	496.0402
5.9962	496.3542
6.0011	496.0209
6.0052	495.6531
6.0102	495.6486
6.0158	495.9137
6.0211	495.8311
6.0259	495.6103
6.031	495.6103
6.0363	495.7008
6.0412	495.5896
6.0476	495.9195
6.0516	495.4941
6.0563	495.4139
6.0614	495.4664
6.0672	495.5451
6.0718	495.4298
6.0768	495.3408
6.0827	495.5041
6.0876	495.4128
6.0934	495.478
6.0984	495.3433
6.1028	494.8786
6.1073	494.7672
6.1131	495.15
6.1184	495.1144
6.123	494.7179
6.1278	494.6048
6.1336	494.9432
6.1384	494.6391
6.145	495.1657
6.1491	494.1275
6.1536	493.6285
6.1589	493.8979
6.1645	494.2842
6.1693	493.689
6.1741	493.389
6.1801	494.0347
6.1846	493.3694
6.1904	493.6935
6.1959	493.4074
6.2	493.0561
6.2049	492.9909
6.2108	493.2188
6.216	493.2129
6.2206	492.627
6.2255	492.6111
6.2314	492.9082
6.2363	492.4228
6.2428	493.1643
6.2469	491.8433
6.2514	491.4131
6.2567	491.5193
6.2627	492.0308
6.2674	491.3649
6.2722	491.1581
6.278	491.5093
6.2826	491.103
6.2889	491.5322
6.2943	491.1307
6.2983	490.8045
6.3031	490.6945
6.3089	490.9196
6.3144	490.8871
6.3191	490.5608
6.324	490.4698
6.3298	490.6426
6.3347	490.4283
6.3413	490.7531
6.3455	489.9804
6.3499	489.3805
6.3551	489.4661
6.3614	490.1057
6.3658	489.3258
6.3708	489.2189
6.3766	489.3436
6.3813	489.1064
6.3873	489.2494
6.393	489.1508
6.3972	488.1395
6.4018	487.9316
6.4076	488.2561
6.4133	488.2985
6.418	487.7062
6.4228	487.5443
6.4288	487.733
6.4337	487.4748
6.4404	487.7764
6.4448	487.0829
6.4493	486.7078
6.4544	486.7375
6.4607	486.9794
6.4654	486.6281
6.4706	486.3177
6.4763	486.5262
6.4812	485.8535
6.4872	486.1197
6.4932	485.8971
6.4973	484.9627
6.502	484.853
6.5079	484.9837
6.5138	484.9757
6.5184	484.628
6.5238	484.4838
6.5294	484.4007
6.5341	483.9059
6.5411	484.6502
6.5457	483.443
6.5501	483.0319
6.5554	483.0751
6.5617	483.2175
6.5669	482.9637
6.5716	482.7354
6.5775	482.7598
6.5822	482.4557
6.5883	482.6071
6.5947	482.5332
6.5989	481.2786
6.6036	480.8255
6.6095	481.1515
6.6153	481.0651
6.6202	480.6493
6.6256	480.5715
6.6313	480.4143
6.6362	479.6525
6.6431	480.3578
6.648	479.2094
6.6525	478.8854
6.6578	478.9153
6.6642	478.9968
6.6694	478.7462
6.6744	478.5333
6.6802	478.5408
6.6855	477.9071
6.6911	477.8068
6.6978	477.8118
6.7019	476.6585
6.7068	476.6302
6.7128	476.6803
6.7189	476.6754
6.7236	475.9338
6.7291	475.7023
6.7348	475.5741
6.7397	474.8199
6.7462	475.1923
6.7517	474.4709
6.7562	474.0558
6.7618	474.0553
6.768	474.1439
6.7735	473.7253
6.7785	473.2919
6.7845	473.1786
6.7899	472.6108
6.7954	472.449
6.8021	472.5326
6.8067	471.0191
6.8117	470.6918
6.8176	470.7623
6.8238	470.7602
6.8289	470.5821
6.8345	470.4254
6.8405	470.2862
6.8457	469.5255
6.8523	469.7144
6.8578	468.5213
6.8624	468.0185
6.868	467.9736
6.8744	468.2101
6.8799	467.4869
6.8849	466.8767
6.8909	466.8365
6.8965	466.3857
6.9024	466.2353
6.909	466.1176
6.9138	465.0942
6.9188	464.4734
6.9249	464.6723
6.9312	464.5305
6.9363	463.8499
6.9419	463.3463
6.9481	463.248
6.9534	462.4704
6.9603	462.5874
6.9662	462.1488
6.9708	461.3357
6.9763	461.131
6.9826	461.2771
6.9885	460.4508
6.9935	459.8232
6.9999	459.7413
7.0057	459.0391
7.0115	458.591
7.0184	458.4976
7.0235	457.859
7.0285	457.2397
7.0345	457.287
7.0409	457.2093
7.0462	456.1793
7.0518	455.9865
7.0583	455.8417
7.064	454.9105
7.0709	454.77
7.0769	453.8219
7.082	453.0932
7.0875	452.7569
7.0935	452.7891
7.0996	452.3074
7.1051	451.8209
7.1108	451.3832
7.1172	451.0467
7.123	450.3613
7.1304	450.2067
7.1355	449.1606
7.1406	448.2882
7.1463	448.2075
7.1529	448.1306
7.1585	447.2592
7.164	446.4453
7.1707	446.4566
7.1766	445.8988
7.1836	445.8577
7.1898	445.0247
7.195	443.6042
7.2004	443.4924
7.2068	443.5392
7.2131	442.8401
7.2186	441.8077
7.2243	441.355
7.2313	441.2267
7.2373	440.5862
7.2448	440.3394
7.2504	439.0041
7.2556	438.1142
7.2615	437.8122
7.268	437.6391
7.2739	437.2477
7.2795	436.3484
7.2867	436.2066
7.2924	434.8988
7.2995	434.6591
7.3063	433.8773
7.3113	433.0583
7.3168	432.623
7.3233	432.5692
7.3299	431.6608
7.3356	430.7767
7.3416	429.7882
7.3487	429.3513
7.3547	428.8312
7.3628	428.6284
7.3683	426.9801
7.3738	426.077
7.3796	425.7054
7.3868	425.463
7.393	424.643
7.3988	423.4777
7.4058	423.3044
7.4119	422.1664
7.4198	421.9054
7.4272	420.5959
7.4329	419.0553
7.4385	418.4503
7.4452	418.304
7.4527	417.1597
7.4597	415.9749

