MTS25	Tensile Strength
-0.0004	0.0701
0.0026	2.468
0.0049	4.0043
0.0076	6.2114
0.0088	6.9481
0.0101	8.1988
0.0125	10.0375
0.0149	11.5702
0.0163	12.7301
0.0181	14.3584
0.0205	15.6833
0.0219	16.9211
0.0246	19.0466
0.0261	20.3275
0.0275	21.279
0.0294	22.5216
0.0319	24.2819
0.0336	26.0391
0.0352	27.0272
0.0373	28.1534
0.0393	29.919
0.0411	31.5742
0.0438	33.2773
0.0447	34.0271
0.046	34.9763
0.0484	36.7846
0.0509	38.6539
0.0523	39.4576
0.0541	40.5545
0.0563	43.0236
0.0578	43.7751
0.0601	45.3967
0.0619	46.7003
0.0631	47.576
0.0647	48.8603
0.0674	50.8462
0.0693	51.907
0.0706	53.1495
0.0726	54.9925
0.0746	56.1039
0.0762	57.1222
0.0789	59.5465
0.0799	59.9699
0.0812	61.2156
0.0833	62.6009
0.086	64.5512
0.0871	65.2991
0.0889	66.8767
0.0911	68.4197
0.0925	69.4195
0.095	71.3107
0.0968	72.4379
0.0976	73.153
0.0994	74.086
0.1018	76.3387
0.1037	77.6626
0.105	78.4947
0.107	80.0187
0.1089	81.5154
0.1103	82.4001
0.1129	84.5723
0.1138	85.2848
0.1153	86.1369
0.1173	87.9066
0.1197	89.5308
0.1209	90.2975
0.1228	92.1348
0.1249	93.4234
0.1264	94.3832
0.1286	96.0521
0.1305	97.2674
0.1315	98.3917
0.1333	99.0798
0.1355	101.0907
0.1374	102.3869
0.1389	103.4567
0.1407	104.8184
0.1427	106.3888
0.1442	107.3913
0.1468	109.4345
0.1479	110.3006
0.1491	111.046
0.151	112.7512
0.1534	114.1471
0.1546	115.2158
0.1564	116.5402
0.1585	118.0553
0.1601	119.3259
0.162	120.8637
0.164	121.85
0.1649	122.8416
0.1666	123.7404
0.1688	125.6302
0.1708	127.2879
0.1719	127.761
0.1737	129.2868
0.1759	130.7463
0.1776	132.0693
0.1799	133.7679
0.1812	134.5747
0.1823	135.7408
0.1842	136.8223
0.1866	138.3384
0.1879	139.4455
0.1891	140.4795
0.1914	142.0295
0.1932	143.9748
0.1953	145.0171
0.197	146.4896
0.1981	146.8164
0.1996	148.0816
0.2017	149.8708
0.2038	151.2075
0.2051	152.4124
0.2065	153.2559
0.2092	154.9576
0.2107	156.4416
0.2133	158.214
0.2142	158.7301
0.2154	159.6232
0.2172	160.81
0.2197	162.7639
0.2211	163.727
0.2226	164.8627
0.2246	166.337
0.2264	167.5327
0.2282	169.3217
0.2302	170.4282
0.2311	171.0703
0.2326	172.1879
0.2347	173.7625
0.2369	175.2271
0.238	176.2758
0.2397	177.5253
0.2419	178.8716
0.2435	180.2825
0.2458	182.0317
0.247	182.6532
0.2481	183.4378
0.2499	184.7757
0.2524	186.6152
0.254	187.6128
0.2554	188.7177
0.2575	190.251
0.259	191.3777
0.2609	192.9064
0.263	194.4217
0.2639	194.8884
0.2656	195.6896
0.2674	197.5164
0.2697	199.2109
0.271	200.0419
0.2725	201.1507
0.2748	202.9729
0.2759	203.6556
0.2785	205.4485
0.2797	206.3823
0.2808	207.0868
0.2826	208.3608
0.2848	210.0783
0.2863	211.3339
0.2878	212.077
0.2899	213.6701
0.2914	215.0146
0.2934	216.1167
0.2958	218.126
0.2965	218.4828
0.2979	219.6096
0.3	220.6055
0.3022	222.3941
0.3035	223.4269
0.3051	224.6053
0.3074	226.3427
0.3086	227.1227
0.3112	228.6358
0.3125	229.5542
0.3135	230.6118
0.3152	231.8534
0.3176	232.9406
0.3192	234.4866
0.3206	235.6751
0.3226	236.9055
0.3243	237.9054
0.326	239.0441
0.3286	240.6954
0.3293	241.2993
0.3308	242.6905
0.3328	244.076
0.335	244.8838
0.3362	245.9153
0.338	247.3076
0.3403	249.181
0.3416	249.5439
0.3441	251.4081
0.3454	252.4754
0.3465	253.0587
0.3483	254.1192
0.3507	255.7355
0.3525	256.776
0.3537	257.403
0.3557	259.2281
0.3576	260.6308
0.3594	261.3889
0.3617	262.6702
0.3627	263.0749
0.3641	264.62
0.3662	265.8011
0.3686	267.4317
0.3697	268.0402
0.3715	269.1546
0.374	270.3002
0.3753	271.3325
0.3779	273.1309
0.3794	273.6643
0.3806	274.0411
0.3825	275.3391
0.3849	277.5522
0.3867	277.9109
0.3883	278.5353
0.3904	280.1783
0.3922	281.3396
0.3941	282.1419
0.397	283.7675
0.3978	283.8433
0.3993	285.0642
0.4015	286.194
0.404	287.4404
0.4052	288.2243
0.4072	289.5247
0.4097	290.416
0.411	291.092
0.4137	292.9062
0.4157	293.8402
0.4169	294.1184
0.4187	294.4426
0.4214	295.9758
0.4236	297.511
0.4251	298.2553
0.4275	298.932
0.4296	299.7538
0.4315	300.5549
0.4345	302.5841
0.4356	302.7862
0.4371	303.0131
0.4396	304.3566
0.4424	305.3896
0.4441	306.0199
0.4461	306.4262
0.4488	307.5946
0.4506	308.5345
0.4535	310.091
0.4558	311.0733
0.4573	311.1302
0.4595	311.158
0.4624	312.1785
0.4649	313.5109
0.4667	314.2247
0.4695	315.1096
0.4719	315.6418
0.474	316.1905
0.4774	317.2652
0.479	317.2513
0.4808	317.7229
0.4835	318.7191
0.4868	319.5976
0.4889	319.7974
0.4914	320.3607
0.4945	321.893
0.4966	322.2304
0.4998	323.1473
0.503	323.1581
0.5046	323.158
0.5071	323.427
0.5103	325.3119
0.5135	325.7793
0.5157	326.0934
0.5187	327.0442
0.522	327.7229
0.5245	327.9151
0.5284	328.3984
0.5305	328.2996
0.5329	328.4818
0.5359	329.1675
0.5395	329.8983
0.5424	330.1765
0.5452	330.8302
0.5489	331.4404
0.5516	331.4994
0.5552	332.1323
0.5587	332.7195
0.5612	332.505
0.564	333.1743
0.5679	334.0056
0.5715	334.6997
0.5742	334.6487
0.5775	334.9504
0.5813	335.4815
0.5846	335.5805
0.5888	336.0754
0.5918	336.0188
0.5944	336.0218
0.5981	336.3263
0.6019	337.4755
0.6051	337.5109
0.6081	337.7403
0.6123	338.4933
0.616	338.6908
0.6201	339.5851
0.6241	339.642
0.6269	339.4138
0.63	339.62
0.6342	340.0127
0.6385	340.1412
0.6412	340.0816
0.6448	340.158
0.6492	340.9257
0.6529	341.1968
0.6578	341.9037
0.6609	341.4065
0.6641	341.3496
0.6677	341.7516
0.6725	342.5623
0.6762	342.4696
0.6797	342.5452
0.6837	342.9599
0.688	343.2504
0.6921	343.8314
0.6966	344.129
0.6998	343.6689
0.7034	343.9227
0.7077	344.2943
0.7122	344.4876
0.7155	344.3497
0.7193	344.4482
0.7243	344.8938
0.7281	344.8754
0.733	345.3995
0.7367	344.9926
0.74	344.8082
0.7438	345.1799
0.7487	346.0005
0.7527	346.0464
0.7567	346.0687
0.761	346.3452
0.7653	346.3921
0.7696	346.8143
0.7745	347.7989
0.7777	346.579
0.7817	346.7857
0.786	347.7689
0.7909	348.055
0.7947	347.969
0.7988	348.0393
0.8037	348.0912
0.8076	348.0753
0.8125	348.3654
0.8167	348.1498
0.8202	348.076
0.8244	348.1686
0.829	348.5464
0.8335	348.6148
0.8374	348.5442
0.842	348.9768
0.8465	348.9963
0.8508	349.34
0.8564	350.1902
0.8596	349.0029
0.8637	349.0696
0.8682	349.9867
0.8731	350.418
0.8769	350.1814
0.881	350.2846
0.8861	350.6521
0.8899	350.4557
0.8954	351.1865
0.8996	350.6703
0.9032	350.4495
0.9072	350.5851
0.9125	351.3079
0.9171	351.241
0.921	351.1069
0.9254	351.4051
0.9302	351.4554
0.9347	351.6389
0.94	352.0295
0.9435	351.4196
0.9473	351.4037
0.952	351.7116
0.957	352.1854
0.9609	351.9038
0.9651	352.0202
0.9704	352.3832
0.9742	352.2264
0.9797	352.5388
0.9841	352.3952
0.9877	352.1705
0.9918	352.2659
0.997	352.6281
1.0017	352.6086
1.0058	352.527
1.0102	352.6345
1.0149	352.8188
1.0195	352.9923
1.025	353.3936
1.0287	352.6949
1.0326	352.6216
1.0373	353.0462
1.0425	353.4997
1.0465	353.2284
1.0508	353.3186
1.0558	353.7135
1.0597	353.4364
1.0653	354.0518
1.0699	353.7642
1.0736	353.4021
1.0779	353.4863
1.083	354.1117
1.0879	354.0609
1.0918	353.852
1.0966	354.2675
1.1011	354.2867
1.1056	354.3687
1.1113	355.2021
1.1149	354.2586
1.1189	354.0715
1.1235	354.5602
1.1289	355.2765
1.1331	354.7706
1.1376	354.8454
1.1426	355.5399
1.1466	354.9929
1.1519	356.0144
1.1568	355.7751
1.1605	354.9388
1.1647	355.1986
1.1701	356.0567
1.1747	356.1071
1.1791	355.8328
1.1838	356.1606
1.1884	356.2114
1.1927	356.1674
1.1986	356.4124
1.2025	356.1859
1.2064	355.9398
1.2111	356.3128
1.2165	356.4084
1.2204	356.3815
1.2248	356.3933
1.2301	356.4215
1.2339	356.3989
1.2393	356.5063
1.2445	356.4646
1.248	356.3933
1.2522	356.4038
1.2574	356.5336
1.2622	356.6191
1.2663	356.4766
1.2709	356.6184
1.2758	356.6372
1.2802	356.5868
1.286	357.5043
1.29	356.6346
1.294	356.5349
1.2986	356.7469
1.3039	357.4772
1.3081	356.9927
1.3125	357.0279
1.3178	357.7904
1.322	357.1793
1.3269	357.825
1.332	358.0688
1.3357	357.1146
1.3399	357.2096
1.345	358.0154
1.3501	358.5286
1.3543	357.8809
1.3589	358.3239
1.3639	358.5948
1.3683	358.3919
1.3739	359.1409
1.3779	358.5042
1.3817	358.0055
1.3863	358.6286
1.3916	359.2249
1.3959	358.8897
1.4003	358.8188
1.4056	359.3695
1.4101	359.1427
1.4151	359.3632
1.4202	359.4935
1.4239	358.9453
1.428	358.9847
1.433	359.4279
1.4382	359.7782
1.4421	359.331
1.4465	359.4482
1.4518	359.9379
1.4563	359.8307
1.462	360.338
1.4662	359.8184
1.4701	359.4317
1.4746	359.843
1.4799	360.2752
1.4842	360.0229
1.4883	359.898
1.4934	360.4486
1.4983	360.4082
1.5035	360.6197
1.5084	360.5559
1.5122	360.1077
1.5163	360.0916
1.5213	360.5443
1.5264	360.6649
1.5304	360.4458
1.5347	360.4735
1.5402	360.7637
1.5448	360.734
1.5503	360.9702
1.5541	360.6346
1.558	360.523
1.5622	360.6095
1.5677	360.92
1.5723	360.8149
1.5765	360.7606
1.5813	360.8972
1.5861	360.9272
1.591	361.049
1.596	361.1762
1.5997	360.8592
1.604	360.8646
1.6088	361.0473
1.6142	361.3759
1.6182	361.0332
1.6225	361.0791
1.6281	361.5501
1.6324	361.4115
1.6377	361.7234
1.6419	361.312
1.646	361.0706
1.6503	361.2462
1.6554	361.6703
1.6601	361.6448
1.6645	361.5783
1.6694	361.8021
1.674	361.7161
1.6789	361.8876
1.6842	362.2369
1.6878	361.6255
1.6919	361.6151
1.6968	361.9235
1.7019	362.2864
1.7061	361.9884
1.7106	362.0811
1.7156	362.4932
1.7198	362.1793
1.7252	362.77
1.7297	362.4196
1.7334	362.0665
1.7379	362.2094
1.7431	362.6635
1.7477	362.7039
1.7521	362.5321
1.7568	362.8485
1.7616	362.8016
1.766	362.867
1.7718	363.4058
1.7751	362.6568
1.7795	362.6309
1.7844	362.9696
1.7895	363.4245
1.7935	362.9825
1.7978	363.0188
1.8032	363.7734
1.8073	363.228
1.813	364.2996
1.8175	363.5741
1.8211	363.0203
1.8255	363.2244
1.8307	364.0196
1.8355	363.9669
1.8398	363.6921
1.8445	364.0954
1.8492	364.1674
1.854	364.4118
1.8597	364.8387
1.8632	363.9832
1.8674	363.7876
1.872	364.2814
1.8773	364.7748
1.8814	364.4488
1.8858	364.4915
1.891	364.9036
1.8953	364.699
1.9007	365.006
1.9053	364.8593
1.9091	364.4651
1.9134	364.582
1.9184	364.9739
1.9234	364.9715
1.9274	364.8743
1.932	364.9688
1.9369	365.0138
1.9416	365.0381
1.9473	365.1985
1.9508	364.9579
1.9548	364.9059
1.9595	365.0264
1.9651	365.2655
1.969	365.046
1.9735	365.0559
1.9788	365.363
1.9828	365.0821
1.9883	365.6522
1.993	365.3293
1.9967	365.0473
2.001	365.0718
2.0061	365.5096
2.0109	365.5223
2.0148	365.2941
2.0197	365.5797
2.0243	365.5492
2.0289	365.6601
2.0348	366.5938
2.0383	365.4789
2.0422	365.2759
2.0469	365.7655
2.0522	366.5281
2.0563	366.0229
2.0607	366.0932
2.066	366.6242
2.0699	366.061
2.0753	366.8998
2.0802	366.7264
2.0837	365.9509
2.088	366.2477
2.0933	366.8981
2.0979	366.9066
2.102	366.6536
2.1069	366.9274
2.1115	366.9363
2.1158	366.8912
2.1217	367.3842
2.1254	366.9054
2.1293	366.6548
2.1339	366.9569
2.1393	367.3485
2.1436	367.07
2.148	367.0982
2.1532	367.4059
2.1574	367.1429
2.1624	367.5615
2.1673	367.4839
2.1707	367.0193
2.1751	367.0796
2.1799	367.4402
2.1849	367.6426
2.189	367.3627
2.1937	367.5767
2.1984	367.6044
2.2025	367.4851
2.2083	368.2733
2.2121	367.5786
2.2158	367.3566
2.2204	367.7089
2.2257	368.223
2.2299	367.8557
2.2342	367.883
2.2394	368.3024
2.2433	367.9718
2.2483	368.3001
2.2532	368.3916
2.2568	367.8748
2.2611	367.9595
2.2658	368.3188
2.2711	368.5183
2.275	368.3057
2.2796	368.4508
2.2847	368.5235
2.2889	368.4476
2.2942	368.6859
2.2981	368.468
2.3019	368.2896
2.3066	368.492
2.3119	368.7045
2.3162	368.5682
2.3205	368.5503
2.3258	368.897
2.33	368.6164
2.3348	368.7829
2.3398	368.9651
2.3434	368.5559
2.3474	368.5575
2.3524	368.8659
2.3576	369.2822
2.3613	368.696
2.366	368.8313
2.3711	369.3805
2.3753	369.2283
2.3808	369.8279
2.3848	369.179
2.3886	368.7681
2.393	369.1818
2.3984	369.6785
2.4026	369.4337
2.4067	369.2636
2.4119	369.9111
2.4165	369.8507
2.4216	370.0834
2.4261	370.0035
2.43	369.4394
2.434	369.3882
2.4389	369.9319
2.4441	370.1781
2.4481	369.833
2.4522	369.8463
2.4574	370.4151
2.462	370.3275
2.4674	370.912
2.4712	370.1092
2.4749	369.9164
2.4794	370.0259
2.485	370.7711
2.4894	370.5211
2.4934	370.333
2.4981	370.6209
2.5028	370.7263
2.5076	370.9593
2.5125	371.1284
2.516	370.5175
2.5204	370.5035
2.5251	370.9139
2.5304	371.3201
2.5342	370.8309
2.5384	370.8847
2.544	371.4609
2.5481	371.2682
2.5535	371.8708
2.5574	371.1698
2.5613	370.8182
2.5656	371.0751
2.5707	371.5706
2.5751	371.5676
2.5794	371.3667
2.5841	371.8287
2.5886	371.742
2.5931	371.9053
2.5985	372.306
2.602	371.5094
2.6061	371.4478
2.6109	371.9239
2.6161	372.4259
2.6201	371.9622
2.6244	371.9927
2.6297	372.5647
2.6336	372.1331
2.6391	372.7867
2.6433	372.4853
2.6469	371.997
2.6515	372.1498
2.6563	372.6703
2.661	372.7133
2.6651	372.5041
2.67	372.7865
2.6745	372.7518
2.6789	372.8229
2.6844	373.0007
2.688	372.6233
2.6919	372.5383
2.6969	372.8262
2.7019	373.0009
2.7057	372.8307
2.7101	372.8516
2.7151	373.0312
2.7191	372.9199
2.7249	373.1132
2.7291	373.0052
2.7328	372.8354
2.7371	372.9161
2.7422	373.0603
2.7467	373.0421
2.7507	373.0114
2.7554	373.0518
2.76	373.0726
2.7646	373.1135
2.7701	373.3882
2.7738	373.0366
2.7775	373.0145
2.7824	373.0847
2.7875	373.3178
2.7912	373.1132
2.7957	373.126
2.8007	373.4299
2.8049	373.2242
2.8102	373.5867
2.8145	373.3915
2.8181	373.1233
2.8225	373.1453
2.8275	373.5136
2.8321	373.5093
2.8362	373.3865
2.8405	373.5076
2.8454	373.6012
2.85	373.7112
2.8552	374.2267
2.8589	373.4445
2.8626	373.3865
2.8673	373.6531
2.8728	374.2755
2.8766	373.7135
2.8808	373.7516
2.886	374.3274
2.8897	374.0156
2.8954	374.7675
2.8997	374.3752
2.9034	373.7988
2.9075	373.9083
2.9126	374.5715
2.9173	374.6263
2.9211	374.2679
2.926	374.6974
2.9306	374.6281
2.9352	374.7578
2.9407	375.6823
2.9443	374.5278
2.9481	374.2377
2.9527	374.844
2.958	375.6266
2.9619	375.0054
2.9664	375.0915
2.9713	375.6346
2.9752	374.9749
2.9803	375.7229
2.9852	375.6546
2.9886	374.8583
2.9927	375.0715
2.998	375.7305
3.0026	375.7327
3.0065	375.5344
3.0111	375.7215
3.0156	375.738
3.0197	375.7096
3.0256	376.5497
3.0293	375.7202
3.033	375.5558
3.0375	375.751
3.0428	376.4427
3.0466	375.9064
3.051	375.9267
3.0564	376.4782
3.0601	375.9827
3.0652	376.6222
3.07	376.5591
3.0733	375.8189
3.0774	375.9432
3.0824	376.5807
3.0872	376.75
3.0911	376.4865
3.0959	376.6878
3.1004	376.6999
3.1047	376.5787
3.1104	377.2684
3.114	376.6327
3.1177	376.4335
3.1224	376.7035
3.1274	377.2444
3.1315	376.9199
3.1357	376.9531
3.1408	377.2787
3.1448	377.0215
3.1494	377.2621
3.1545	377.3438
3.158	376.9097
3.1623	376.9511
3.167	377.2694
3.1719	377.4147
3.1757	377.2144
3.1803	377.3184
3.185	377.4265
3.1891	377.3075
3.1946	377.7737
3.1985	377.3693
3.2018	377.216
3.2064	377.3536
3.2118	377.7768
3.2158	377.5503
3.22	377.4526
3.2253	377.9034
3.2293	377.6685
3.2341	377.8579
3.2389	377.9229
3.2422	377.5216
3.2462	377.5163
3.2512	377.8912
3.2562	378.0463
3.2597	377.7665
3.2641	377.8526
3.2691	378.0865
3.2735	378.0208
3.2787	378.2843
3.2825	378.0118
3.2862	377.7891
3.2909	377.9925
3.2957	378.2463
3.2999	378.1091
3.3039	378.0065
3.3088	378.2988
3.3135	378.2747
3.3182	378.5448
3.3229	378.4812
3.3263	378.0948
3.3303	378.0583
3.3351	378.3175
3.3401	378.6796
3.3438	378.2487
3.348	378.2599
3.3531	378.7896
3.3573	378.6957
3.3629	378.9998
3.3663	378.5423
3.37	378.274
3.3744	378.365
3.3796	378.8671
3.3837	378.7794
3.3877	378.7101
3.3924	378.8064
3.397	378.8291
3.4017	378.9906
3.4064	379.124
3.41	378.7788
3.4138	378.7653
3.4186	378.9453
3.4237	379.2107
3.4275	378.8878
3.4315	378.9179
3.4369	379.2974
3.441	379.1855
3.4462	379.6868
3.4502	379.1409
3.4537	378.8775
3.4581	379.0368
3.4629	379.3775
3.4673	379.3591
3.4712	379.2179
3.4761	379.5659
3.4805	379.4736
3.4849	379.6381
3.4898	380.0794
3.4934	379.2834
3.4973	379.2478
3.5019	379.6338
3.5071	380.1624
3.5108	379.6605
3.5152	379.6625
3.5203	380.3689
3.5239	379.8242
3.5294	380.7558
3.5333	380.1857
3.5369	379.6015
3.5413	379.8317
3.5461	380.4657
3.5506	380.5266
3.5544	380.1144
3.5591	380.7021
3.5634	380.6675
3.5682	380.8015
3.5734	381.1416
3.5767	380.4022
3.5805	380.2303
3.585	380.8205
3.5901	381.1129
3.5941	380.8456
3.5982	380.8402
3.6036	381.2383
3.6074	380.953
3.6126	381.4508
3.6166	381.1188
3.6203	380.7919
3.6243	380.9045
3.6295	381.2961
3.6338	381.2201
3.6378	381.0894
3.6422	381.2229
3.6468	381.3018
3.6511	381.3988
3.6566	381.808
3.6599	381.2226
3.6639	381.1203
3.6684	381.3498
3.6735	381.7214
3.6771	381.3901
3.6816	381.4197
3.6865	381.8264
3.6905	381.5618
3.6957	382.0922
3.6998	381.8114
3.7034	381.3946
3.7074	381.4394
3.7126	381.9499
3.7171	381.9639
3.7211	381.7572
3.7257	381.927
3.7303	382.0148
3.7346	382.0837
3.7399	382.6288
3.7433	381.897
3.747	381.7441
3.7518	382.0426
3.7571	382.5444
3.7609	382.0857
3.7651	382.0948
3.7702	382.6728
3.7741	382.1625
3.7793	382.9515
3.7837	382.6723
3.7872	382.0842
3.7913	382.1138
3.7964	382.834
3.8008	382.826
3.8047	382.3924
3.8094	382.8854
3.8139	382.8498
3.8182	382.9101
3.8238	383.6966
3.8271	382.7411
3.8307	382.3236
3.8356	382.9434
3.8408	383.5317
3.8448	383.0384
3.849	383.0988
3.854	383.5996
3.8577	383.0366
3.863	383.8635
3.8677	383.776
3.8709	383.0072
3.8752	383.1505
3.8804	383.8251
3.8851	383.8502
3.8892	383.5477
3.8939	383.7953
3.8984	383.8522
3.9026	383.7401
3.9083	384.3155
3.9119	383.7897
3.9155	383.3784
3.9201	383.7764
3.9253	384.2108
3.9293	384.0305
3.9336	384.0311
3.9387	384.2391
3.9425	384.0223
3.9476	384.412
3.9526	384.358
3.9558	383.8998
3.96	383.962
3.965	384.267
3.9699	384.4858
3.9737	384.1982
3.9784	384.3704
3.9829	384.4112
3.987	384.2679
3.9927	384.8568
3.9963	384.3286
4.0001	384.1577
4.0048	384.3862
4.0099	384.7961
4.014	384.5933
4.0182	384.5766
4.0232	384.8125
4.0271	384.6685
4.0319	384.8214
4.0369	384.88
4.0402	384.5311
4.0445	384.5614
4.0493	384.8063
4.0543	384.9868
4.0582	384.7672
4.0628	384.8737
4.0676	384.9727
4.0717	384.8524
4.0772	385.2073
4.0813	384.9124
4.0847	384.7581
4.0893	384.8853
4.0943	385.1478
4.0986	385.0085
4.1026	384.9599
4.108	385.243
4.1119	385.0703
4.1166	385.1949
4.1216	385.2972
4.1251	384.9769
4.1291	384.9742
4.134	385.2297
4.1391	385.3615
4.1428	385.1306
4.1471	385.1764
4.1522	385.4006
4.1564	385.3344
4.1617	385.6342
4.1656	385.3259
4.1693	385.1326
4.1738	385.2862
4.1789	385.5535
4.183	385.3963
4.1869	385.2782
4.1919	385.6076
4.1967	385.5995
4.2015	385.7668
4.206	385.7104
4.2095	385.355
4.2135	385.3279
4.2185	385.6139
4.2235	385.7883
4.2271	385.55
4.2313	385.5648
4.2366	385.9187
4.241	385.881
4.2464	386.3266
4.2501	385.7028
4.2538	385.5634
4.258	385.6205
4.2635	386.172
4.2676	385.8674
4.2716	385.7628
4.2761	385.9274
4.2807	386.0479
4.2854	386.2665
4.2902	386.4034
4.2939	385.8434
4.298	385.8247
4.3026	386.192
4.3076	386.541
4.3113	386.1202
4.3156	386.0952
4.3209	386.7035
4.325	386.5206
4.3302	387.2562
4.3339	386.3835
4.3377	386.072
4.3421	386.2567
4.3468	386.7961
4.3514	386.7892
4.3554	386.5664
4.3602	387.0291
4.3645	386.9338
4.3689	387.1181
4.3742	387.5417
4.3776	386.6862
4.3817	386.5594
4.3863	387.0682
4.3914	387.4821
4.3952	387.091
4.3994	387.0943
4.4048	387.6253
4.4084	387.3049
4.4136	387.86
4.4179	387.4988
4.4213	387.0493
4.4256	387.295
4.4307	387.6237
4.435	387.629
4.439	387.4283
4.4437	387.7487
4.4482	387.7904
4.4527	387.9349
4.458	388.4544
4.4612	387.5158
4.4653	387.4497
4.4697	387.7709
4.4751	388.3412
4.4785	387.8176
4.4829	387.7992
4.4881	388.4929
4.4918	388.0487
4.4973	388.8509
4.5015	388.372
4.5049	387.7782
4.5092	388.0012
4.5143	388.553
4.5187	388.5054
4.5226	388.3492
4.5274	388.5005
4.5319	388.6203
4.5364	388.8108
4.542	389.5039
4.545	388.4604
4.549	388.358
4.5538	388.6033
4.5588	389.2616
4.5627	388.5903
4.5669	388.6036
4.572	389.455
4.5759	388.8725
4.5815	389.6595
4.5856	389.3937
4.5891	388.5854
4.5933	388.6673
4.5983	389.5539
4.6028	389.529
4.6067	389.2661
4.6113	389.5068
4.616	389.5933
4.6204	389.6505
4.6257	389.8188
4.6291	389.3901
4.6331	389.0861
4.6376	389.5189
4.6426	389.7814
4.6465	389.5797
4.6505	389.5935
4.6557	389.8235
4.6597	389.6865
4.6649	389.8869
4.6692	389.8412
4.6728	389.6167
4.6771	389.6396
4.682	389.862
4.6866	389.8616
4.6904	389.773
4.6953	389.8754
4.6996	389.8569
4.7039	389.8771
4.7095	390.0874
4.7129	389.83
4.7168	389.7341
4.7215	389.8799
4.7265	389.9969
4.7307	389.8983
4.735	389.9058
4.7399	390.0102
4.7438	389.8975
4.7491	390.1198
4.7536	390.0608
4.7572	389.8737
4.7614	389.9005
4.7665	390.0723
4.771	390.0757
4.7749	389.9516
4.7795	390.0486
4.7838	390.0587
4.7881	390.0151
4.7937	390.5877
4.7974	390.0349
4.8011	389.9272
4.8057	390.0504
4.8108	390.3178
4.8147	390.1028
4.8189	390.1155
4.824	390.4466
4.8276	390.132
4.8331	390.6518
4.8376	390.6384
4.841	390.0775
4.8453	390.0999
4.8503	390.5154
4.855	390.7115
4.8588	390.3569
4.8635	390.6356
4.8682	390.6722
4.8723	390.498
4.8781	391.1855
4.8814	390.5485
4.8852	390.2076
4.8897	390.6069
4.8948	390.9977
4.8989	390.7384
4.9032	390.7227
4.9083	391.029
4.9121	390.7652
4.9169	390.9843
4.9219	391.2295
4.9254	390.6927
4.9293	390.7
4.934	390.9592
4.939	391.3434
4.9427	390.8555
4.9472	391.0673
4.952	391.4088
4.9561	391.1144
4.9616	391.9808
4.9654	391.2055
4.969	390.8426
4.9736	391.1118
4.9786	391.7881
4.983	391.4748
4.9868	391.3046
4.9921	392.0062
4.9961	391.6532
5.0009	391.9455
5.0055	392.0508
5.009	391.3401
5.0132	391.3091
5.0179	391.9125
5.0231	392.1343
5.0267	391.7562
5.031	391.8588
5.0362	392.1788
5.0402	392.0817
5.0455	392.5701
5.0494	392.0144
5.053	391.668
5.0575	391.9849
5.0625	392.375
5.0666	392.0856
5.0703	391.9671
5.0755	392.4698
5.0801	392.4279
5.0849	392.9277
5.0896	392.7993
5.093	392.076
5.0969	392.0192
5.1018	392.4826
5.1068	392.9777
5.1105	392.2649
5.1146	392.2715
5.1197	393.0467
5.1242	392.9989
5.1296	393.3916
5.1332	392.8067
5.1369	392.2918
5.1411	392.4662
5.1464	393.1639
5.1507	393.0027
5.1547	392.9239
5.1593	393.0548
5.1639	393.107
5.1687	393.3052
5.1734	393.4217
5.1769	392.9711
5.1809	392.9399
5.1857	393.1292
5.1907	393.4702
5.1945	393.1062
5.1988	393.1272
5.2041	393.5282
5.2083	393.4421
5.2136	393.7168
5.2174	393.3661
5.221	393.0498
5.2255	393.1881
5.2303	393.5201
5.2347	393.5356
5.239	393.4557
5.2437	393.5855
5.2482	393.5589
5.2526	393.6421
5.258	394.0807
5.2615	393.4636
5.2654	393.4088
5.2702	393.5674
5.2751	393.959
5.2789	393.5703
5.2832	393.5804
5.2885	394.1053
5.2923	393.6595
5.2976	394.2964
5.3019	393.9673
5.3055	393.5437
5.3098	393.6494
5.3145	393.9903
5.3192	394.1027
5.3232	393.804
5.3279	394.1751
5.3324	394.1922
5.337	394.2615
5.3423	394.5509
5.3456	393.9405
5.3493	393.7592
5.3543	394.214
5.3592	394.4738
5.3632	394.2485
5.3674	394.2252
5.3728	394.5917
5.3764	394.3139
5.382	394.7798
5.3862	394.4828
5.3895	394.1028
5.3939	394.2392
5.3988	394.5591
5.4032	394.5222
5.4073	394.3786
5.4117	394.5005
5.4165	394.5696
5.4211	394.6616
5.4264	394.9524
5.4297	394.4855
5.4337	394.3925
5.4381	394.5615
5.4432	394.8206
5.4472	394.5982
5.4513	394.5988
5.4566	394.8991
5.4605	394.7552
5.4659	395.2821
5.4701	394.8678
5.4735	394.5615
5.4776	394.5776
5.4828	394.9516
5.4873	394.9275
5.4913	394.8042
5.4958	394.9091
5.5005	395.0123
5.5051	395.1288
5.5103	395.582
5.5137	394.8422
5.5176	394.7687
5.5222	394.9301
5.5273	395.513
5.5313	395.0072
5.5356	395.011
5.5407	395.5616
5.5445	395.139
5.5498	395.649
5.5541	395.5463
5.5575	394.9324
5.5617	394.9756
5.5667	395.6032
5.5713	395.5689
5.5754	395.3548
5.5799	395.5868
5.5844	395.5596
5.5888	395.5871
5.5944	396.0855
5.5977	395.4786
5.6014	395.1559
5.606	395.6019
5.6115	395.95
5.6153	395.6342
5.6196	395.6466
5.6246	395.9149
5.6283	395.6193
5.6337	396.1548
5.6383	395.9845
5.6416	395.5821
5.6457	395.6133
5.6509	395.9842
5.6555	396.0196
5.6594	395.742
5.6643	395.9828
5.6688	396.0418
5.6728	395.9143
5.6784	396.5445
5.682	395.9661
5.6856	395.6523
5.6904	395.949
5.6956	396.429
5.6995	396.1215
5.7039	396.1149
5.7089	396.4739
5.7127	396.0935
5.7178	396.5533
5.7226	396.5183
5.726	395.9439
5.7301	396.0128
5.735	396.4857
5.7399	396.5543
5.7438	396.3419
5.7485	396.4883
5.753	396.5213
5.757	396.4123
5.7628	397.1684
5.7662	396.4591
5.7701	396.2217
5.7746	396.4758
5.7797	396.8533
5.7837	396.5531
5.788	396.5455
5.7931	396.9955
5.797	396.5878
5.8018	396.9338
5.8068	397.1209
5.8103	396.5238
5.8145	396.5239
5.8193	396.9214
5.8244	397.2398
5.8282	396.728
5.8328	397.0068
5.8376	397.1916
5.8416	396.9268
5.8469	397.4595
5.8508	397.025
5.8543	396.617
5.8591	396.9651
5.8642	397.4179
5.8686	397.1904
5.8726	397.0853
5.878	397.5672
5.8819	397.2852
5.8866	397.4915
5.8914	397.6302
5.8949	397.0824
5.899	397.0439
5.904	397.4226
5.9088	397.7008
5.9127	397.2533
5.917	397.3362
5.9222	397.7719
5.9264	397.6256
5.9316	397.992
5.9355	397.5237
5.9392	397.2035
5.9435	397.3955
5.9487	397.8896
5.9528	397.659
5.957	397.4573
5.962	397.9784
5.9664	397.9704
5.9713	398.0207
5.9759	398.0081
5.9795	397.5362
5.9834	397.3971
5.9882	397.9554
5.9933	398.0166
5.9971	397.7546
6.0011	397.749
6.0063	398.0333
6.0107	398.0261
6.0159	398.3104
6.0196	397.9846
6.0234	397.7829
6.0277	397.8622
6.0331	398.0916
6.0373	398.0186
6.0413	398.0021
6.0459	398.0322
6.0504	398.0476
6.055	398.1179
6.0598	398.2145
6.0632	398.0063
6.0674	398.0009
6.0721	398.057
6.0772	398.3364
6.0809	398.0447
6.0852	398.0393
6.0904	398.4267
6.0946	398.274
6.0997	398.7317
6.1038	398.2127
6.1074	398.023
6.1118	398.0855
6.1168	398.4087
6.1213	398.4266
6.1253	398.2662
6.1301	398.4844
6.1345	398.4536
6.139	398.6103
6.1443	399.1176
6.1476	398.2696
6.1516	398.1884
6.1564	398.4516
6.1615	398.9452
6.1654	398.4598
6.1697	398.4567
6.1748	399.1727
6.1787	398.6111
6.184	399.4344
6.1882	398.9257
6.1919	398.3942
6.1963	398.5578
6.2011	399.1375
6.2057	399.1384
6.2097	398.7523
6.2145	399.2543
6.2191	399.2195
6.2234	399.2697
6.2287	399.8682
6.2321	398.8698
6.2361	398.6693
6.2409	399.1913
6.2461	399.6168
6.2499	399.1778
6.2541	399.0776
6.2594	399.8427
6.2632	399.3322
6.2687	400.379
6.2729	399.6941
6.2765	399.08
6.2807	399.1811
6.2859	399.7796
6.2904	399.84
6.2944	399.5233
6.2991	399.7732
6.3037	399.8549
6.3081	400.0521
6.3137	400.688
6.317	399.5893
6.3209	399.3771
6.3256	399.7642
6.3309	400.4608
6.3347	399.8081
6.3391	399.8263
6.3441	400.6236
6.348	399.9641
6.3535	400.7747
6.3576	400.463
6.3612	399.6879
6.3655	399.7445
6.3708	400.6591
6.3753	400.5419
6.3791	400.1062
6.3837	400.3514
6.3886	400.5926
6.393	400.6968
6.3985	400.9548
6.4017	400.2902
6.4057	399.9529
6.4103	400.42
6.4157	400.8491
6.4194	400.5952
6.4237	400.5974
6.4288	400.9239
6.4326	400.7043
6.4381	401.0638
6.4423	400.9002
6.446	400.4867
6.4501	400.5106
6.4553	400.9392
6.4601	400.9907
6.4639	400.7888
6.4687	400.9748
6.473	400.8857
6.4774	400.9154
6.4831	401.6106
6.4868	400.8416
6.4904	400.6944
6.4952	400.9151
6.5005	401.4602
6.5044	400.9716
6.5087	400.953
6.5137	401.3383
6.5174	400.9151
6.5229	401.5623
6.5275	401.4321
6.5308	400.8233
6.5352	400.8927
6.5403	401.3911
6.5448	401.4388
6.5487	401.0843
6.5534	401.4025
6.558	401.4181
6.5622	401.2303
6.5678	401.794
6.5712	401.2917
6.575	400.9452
6.5798	401.2989
6.5849	401.6919
6.5888	401.5032
6.5932	401.5095
6.5982	401.7514
6.6022	401.4627
6.6072	401.7584
6.6119	401.7641
6.6154	401.2676
6.6195	401.3359
6.6246	401.7204
6.6294	401.7801
6.6331	401.6156
6.6377	401.7131
6.6423	401.7318
6.6464	401.6565
6.652	401.9841
6.6556	401.7155
6.6594	401.5321
6.6641	401.7125
6.6694	401.9096
6.6734	401.7803
6.6776	401.7696
6.6827	401.9127
6.6866	401.7693
6.6913	401.877
6.6962	401.9577
6.6997	401.6964
6.7038	401.6941
6.7086	401.8513
6.7137	402.0087
6.7174	401.82
6.722	401.8957
6.7269	401.9956
6.7308	401.8667
6.7361	402.1078
6.7402	401.9156
6.7441	401.7881
6.7483	401.8859
6.7537	402.0908
6.7576	401.9632
6.7619	401.9056
6.7671	402.1211
6.7713	402.039
6.776	402.102
6.7809	402.1426
6.7844	401.8994
6.7884	401.8801
6.7934	402.0708
6.7983	402.1394
6.8018	401.9852
6.8062	402.0214
6.8115	402.1583
6.8156	402.1047
6.8207	402.3187
6.8247	402.0908
6.8283	401.9437
6.8329	402.0525
6.8379	402.2084
6.842	402.1104
6.8459	402.0427
6.8512	402.2447
6.8556	402.2143
6.8605	402.4201
6.8649	402.3685
6.8686	402.0856
6.8725	402.0588
6.8773	402.211
6.8824	402.4265
6.8861	402.136
6.8902	402.1351
6.8956	402.4711
6.8998	402.425
6.9055	402.8598
6.909	402.2779
6.9126	402.1322
6.9167	402.1582
6.9223	402.6692
6.9263	402.4511
6.9303	402.3202
6.9349	402.4694
6.9395	402.5559
6.9444	402.731
6.9492	402.8327
6.9527	402.3137
6.9568	402.2805
6.9617	402.5826
6.9667	402.8666
6.9703	402.5278
6.9745	402.4832
6.9799	402.8724
6.984	402.7759
6.9894	403.1346
6.9933	402.7429
6.9969	402.3923
7.0015	402.5256
7.0064	402.8572
7.0108	402.8474
7.0149	402.7236
7.0196	402.8739
7.024	402.8578
7.0286	402.9446
7.0338	403.4196
7.0372	402.7515
7.0412	402.6779
7.046	402.8733
7.051	403.2392
7.055	402.8753
7.0594	402.8892
7.0646	403.4288
7.0685	402.9586
7.074	403.616
7.0783	403.2652
7.0819	402.8335
7.0864	402.9021
7.0912	403.3541
7.0957	403.3845
7.1	403.0283
7.1047	403.419
7.1093	403.4285
7.1139	403.4642
7.1193	403.8156
7.1227	403.0917
7.1267	402.9495
7.1317	403.4247
7.1367	403.7055
7.1406	403.3674
7.1449	403.3169
7.1503	403.7732
7.1542	403.4185
7.1598	404.1122
7.1639	403.6704
7.1676	403.1632
7.1721	403.3138
7.1771	403.7578
7.1817	403.6936
7.1857	403.494
7.1905	403.6501
7.1951	403.735
7.1997	403.8008
7.2054	404.5536
7.2086	403.6119
7.2127	403.4299
7.2175	403.712
7.2227	404.085
7.2267	403.7139
7.2311	403.7328
7.2363	404.2405
7.2402	403.7726
7.2458	404.5984
7.25	404.1338
7.2537	403.6278
7.2579	403.6474
7.2632	404.2438
7.2677	404.1658
7.2717	403.8023
7.2766	403.9652
7.2813	404.2777
7.2859	404.4067
7.2914	404.8276
7.295	403.8928
7.2988	403.7602
7.3035	404.0406
7.309	404.7437
7.3128	404.123
7.3172	404.0969
7.3225	404.7682
7.3263	404.2692
7.3318	404.8807
7.3364	404.7558
7.3401	403.9585
7.3443	403.9852
7.3497	404.7798
7.3544	404.7589
7.3584	404.4962
7.3633	404.7742
7.3678	404.7026
7.3721	404.7194
7.3782	405.2537
7.3817	404.6527
7.3855	404.1666
7.3904	404.7263
7.3957	405.018
7.4	404.7859
7.4044	404.7867
7.4095	404.9934
7.4134	404.7085
7.4189	405.1673
7.4237	405.0596
7.4269	404.5542
7.4314	404.6602
7.4368	405.0223
7.4416	405.0435
7.4457	404.83
7.4505	404.9668
7.4552	404.9812
7.4595	404.8979
7.4652	405.7311
7.4689	404.8971
7.4726	404.6849
7.4775	404.9013
7.4827	405.2424
7.4868	404.9454
7.4912	404.9291
7.4963	405.2747
7.5	404.9017
7.5054	405.4444
7.5102	405.4245
7.5138	404.8285
7.5181	404.8636
7.5231	405.2464
7.5278	405.4612
7.532	405.0738
7.5367	405.2965
7.5415	405.3451
7.5455	405.135
7.5514	405.9977
7.555	405.1803
7.5587	404.9248
7.5634	405.182
7.569	405.8364
7.5729	405.3985
7.5773	405.3026
7.5825	405.837
7.5862	405.3589
7.5911	405.7469
7.5962	405.9255
7.5998	405.1465
7.6038	405.1208
7.609	405.6718
7.6141	405.9784
7.6178	405.499
7.6226	405.7616
7.6274	405.915
7.6315	405.7036
7.6369	406.1895
7.6409	405.7737
7.6446	405.2935
7.6494	405.6792
7.6545	406.1096
7.6586	405.8326
7.6629	405.7205
7.668	406.185
7.6724	405.9581
7.6773	406.1638
7.6823	406.29
7.6859	405.7585
7.6901	405.7328
7.6951	406.0912
7.7002	406.3256
7.7038	405.881
7.7084	405.9566
7.7137	406.355
7.7181	406.2218
7.7233	406.5913
7.7275	406.2099
7.7313	405.8475
7.7358	406.056
7.7412	406.4411
7.7454	406.2084
7.7494	406.0287
7.7545	406.4748
7.7593	406.4499
7.7643	406.596
7.7691	406.5512
7.7726	406.0411
7.7768	405.9539
7.7818	406.3777
7.7867	406.5574
7.7907	406.1857
7.795	406.1684
7.8005	406.5968
7.8049	406.5518
7.8104	406.8054
7.8141	406.4234
7.8179	406.1325
7.8221	406.2
7.8278	406.6456
7.8319	406.5177
7.8361	406.4122
7.841	406.5205
7.8458	406.5833
7.8505	406.6701
7.8555	406.7362
7.8592	406.4222
7.8633	406.3669
7.8681	406.5722
7.8733	406.7483
7.8772	406.54
7.8814	406.5187
7.887	406.7912
7.8912	406.7077
7.8967	406.8981
7.9006	406.6629
7.9045	406.4668
7.9092	406.5646
7.9141	406.7667
7.9188	406.7479
7.9228	406.6625
7.9279	406.7729
7.9322	406.7443
7.937	406.7959
7.9424	406.9934
7.9459	406.6286
7.9501	406.5849
7.9549	406.7439
7.96	406.8842
7.964	406.7198
7.9684	406.7004
7.9737	406.9249
7.9776	406.7613
7.9832	407.1056
7.9875	406.8705
7.9911	406.6412
7.9954	406.7099
8.0005	406.8683
8.0053	406.8993
8.0094	406.793
8.0144	406.9272
8.0191	406.9386
8.0237	406.9414
8.0292	407.2989
8.0326	406.7993
8.0367	406.7493
8.0415	406.9021
8.0467	407.1465
8.0507	406.875
8.055	406.8617
8.0605	407.277
8.0645	406.9188
8.0702	407.4881
8.0744	407.1243
8.078	406.8116
8.0825	406.8571
8.0877	407.2187
8.0924	407.1159
8.0964	406.9433
8.1011	407.1064
8.1059	407.1666
8.1106	407.2571
8.1162	407.6126
8.1197	407.0133
8.1238	406.8732
8.1287	407.0649
8.1338	407.3613
8.1379	407.0833
8.1424	407.091
8.1473	407.4197
8.1515	407.1971
8.157	407.6608
8.1614	407.3872
8.165	406.9827
8.1692	406.9799
8.1747	407.4048
8.1793	407.3911
8.1834	407.2372
8.1882	407.3142
8.193	407.4145
8.1977	407.4959
8.2033	407.9445
8.2068	407.2708
8.2107	407.1373
8.2155	407.3025
8.2209	407.7186
8.2248	407.3309
8.2292	407.3239
8.2346	407.7466
8.2386	407.4056
8.2442	408.0165
8.2486	407.6866
8.2523	407.2607
8.2566	407.2729
8.2617	407.6788
8.2665	407.6735
8.2706	407.4356
8.2754	407.6954
8.2799	407.6158
8.2844	407.6406
8.2903	408.5048
8.2937	407.4927
8.2977	407.3014
8.3026	407.5445
8.3079	408.1037
8.3119	407.6273
8.3164	407.6383
8.3215	408.0043
8.3253	407.5451
8.3308	408.3511
8.3354	408.1433
8.3391	407.4347
8.3434	407.5044
8.3488	408.106
8.3535	408.1572
8.3574	407.706
8.3623	407.9996
8.3671	408.0991
8.3712	407.8939
8.3773	408.7114
8.3809	407.9547
8.3846	407.5699
8.3896	407.854
8.3948	408.5065
8.399	408.0573
8.4035	408.0552
8.409	408.5601
8.4127	408.0047
8.4182	408.5956
8.423	408.5541
8.4263	407.7305
8.4308	407.7963
8.436	408.4382
8.4408	408.5226
8.4448	408.1911
8.4496	408.4656
8.4542	408.4925
8.4584	408.2325
8.4644	408.8956
8.468	408.3609
8.4719	407.8483
8.4766	408.3272
8.482	408.6695
8.486	408.4756
8.4904	408.4653
8.4958	408.6994
8.4998	408.5012
8.5048	408.6765
8.51	408.8318
8.5136	408.3638
8.5178	408.2754
8.5227	408.5726
8.528	408.9137
8.5319	408.5222
8.5366	408.6366
8.5418	408.8459
8.546	408.5826
8.5517	409.2002
8.5555	408.6307
8.5593	408.4376
8.5642	408.5705
8.5695	408.9804
8.5739	408.6786
8.578	408.5831
8.5836	409.1275
8.5878	408.8119
8.5928	409.0439
8.5978	409.1538
8.6017	408.5602
8.6058	408.5451
8.6109	408.9357
8.616	409.1337
8.62	408.6412
8.6246	408.7763
8.6299	409.1222
8.6342	409.0011
8.6397	409.5034
8.6437	408.9446
8.6476	408.5648
8.6522	408.7803
8.6575	409.1853
8.6619	408.9363
8.6659	408.743
8.6712	409.2805
8.6762	409.2778
8.6814	409.5504
8.686	409.4238
8.6896	408.8036
8.6939	408.6476
8.699	409.0682
8.7042	409.45
8.708	408.9256
8.7125	408.9201
8.718	409.5366
8.7226	409.4789
8.7282	409.7475
8.7318	409.1515
8.7359	408.808
8.7403	408.8681
8.7457	409.5125
8.7501	409.2828
8.7544	409.0685
8.7592	409.2684
8.7642	409.4353
8.7689	409.551
8.774	409.5804
8.7777	409.0779
8.782	409.0162
8.7868	409.3715
8.7919	409.5948
8.796	409.2321
8.8003	409.1908
8.806	409.6072
8.8103	409.5407
8.8158	409.8072
8.8196	409.5015
8.8235	409.0558
8.8282	409.2204
8.8333	409.5788
8.838	409.569
8.8421	409.4844
8.8472	409.611
8.8519	409.5714
8.8564	409.6187
8.8619	409.9513
8.8654	409.4367
8.8699	409.3218
8.8748	409.5613
8.8799	409.7684
8.8841	409.5563
8.8885	409.5479
8.8939	409.9374
8.898	409.598
8.9038	410.1736
8.908	409.6904
8.9116	409.4445
8.9161	409.5307
8.9213	409.6824
8.926	409.729
8.9301	409.5675
8.935	409.7526
8.9397	409.7461
8.9445	409.8038
8.95	410.3277
8.9534	409.569
8.9576	409.5334
8.9626	409.6443
8.9677	410.026
8.9719	409.6288
8.9762	409.6122
8.9816	410.2141
8.9856	409.694
8.9913	410.4189
8.9957	410.0092
8.9995	409.5731
9.0038	409.6144
9.0092	410.1129
9.0139	410.0479
9.0181	409.727
9.0228	409.9488
9.0277	410.0853
9.0326	410.1986
9.0382	410.5117
9.0417	409.845
9.0458	409.6419
9.0507	409.8993
9.0559	410.3438
9.06	409.9379
9.0646	409.9084
9.0698	410.4124
9.0741	410.1105
9.0797	410.5182
9.084	410.3177
9.0876	409.7238
9.0922	409.7305
9.0975	410.3422
9.1023	410.3568
9.1066	410.0778
9.1112	410.2554
9.116	410.3344
9.1207	410.3985
9.1265	410.5688
9.13	410.1248
9.1341	409.8637
9.139	410.1695
9.1445	410.5081
9.1485	410.2199
9.1529	410.2175
9.1583	410.5237
9.1626	410.3537
9.1681	410.5885
9.1729	410.5061
9.1766	410.0946
9.1807	410.0763
9.1863	410.5023
9.1912	410.4963
9.1954	410.3437
9.2004	410.5019
9.2049	410.4637
9.2094	410.4545
9.2155	410.7242
9.219	410.3737
9.2229	410.0294
9.2279	410.3722
9.2332	410.5802
9.2375	410.4566
9.242	410.4514
9.2472	410.5653
9.2512	410.3652
9.2567	410.6333
9.2616	410.5766
9.2652	410.2486
9.2696	410.304
9.2751	410.572
9.2797	410.5673
9.2838	410.4661
9.2887	410.5311
9.2936	410.5367
9.298	410.4918
9.3038	410.8601
9.3075	410.501
9.3114	410.2931
9.3163	410.4821
9.3218	410.673
9.3259	410.5277
9.3305	410.5216
9.3358	410.6858
9.3398	410.5173
9.3451	410.7387
9.3501	410.7213
9.3536	410.4436
9.3581	410.4597
9.3633	410.6131
9.3684	410.6956
9.3725	410.5569
9.3775	410.645
9.3822	410.6635
9.3867	410.57
9.3925	411.0349
9.3962	410.5888
9.4001	410.4736
9.4051	410.5703
9.4104	410.8151
9.4147	410.6169
9.4193	410.6067
9.4247	410.8203
9.4287	410.6046
9.4337	410.7485
9.4389	410.8597
9.4423	410.5432
9.4466	410.5185
9.452	410.677
9.4572	410.8707
9.4608	410.5988
9.4656	410.6927
9.471	410.7911
9.475	410.6626
9.4808	411.1399
9.4847	410.7058
9.4889	410.5513
9.4936	410.6626
9.4989	410.9709
9.5031	410.7335
9.5076	410.6695
9.5129	411.0655
9.5174	410.7986
9.5224	410.9662
9.5274	411.0736
9.531	410.6379
9.5355	410.6215
9.5409	410.8495
9.546	411.0847
9.5498	410.7022
9.5546	410.766
9.5598	411.0576
9.5641	410.8912
9.5695	411.4399
9.5737	410.8725
9.5777	410.6431
9.5826	410.7638
9.5878	411.1134
9.592	410.8299
9.5963	410.7239
9.6016	411.1703
9.6065	411.09
9.6118	411.4112
9.6165	411.243
9.6201	410.7232
9.6243	410.6634
9.6293	410.9646
9.6347	411.2474
9.6385	410.7787
9.643	410.7728
9.6486	411.3052
9.6531	411.2242
9.6588	411.9489
9.6627	410.9966
9.6666	410.7451
9.6711	410.8018
9.6768	411.4667
9.6813	411.1369
9.6855	410.9619
9.6904	411.1431
9.6953	411.1913
9.7001	411.4227
9.7053	411.605
9.7092	410.9298
9.7133	410.8524
9.7185	411.1635
9.7238	411.5965
9.7279	411.0222
9.7321	410.9818
9.7377	411.6653
9.7422	411.4416
9.7477	412.011
9.7517	411.2202
9.7556	410.8416
9.7604	410.984
9.7656	411.4066
9.7703	411.4448
9.7747	411.2195
9.7797	411.5979
9.7842	411.3881
9.789	411.5312
9.7944	411.9749
9.7981	411.0775
9.8022	410.9843
9.8071	411.2629
9.8126	411.8338
9.8166	411.2495
9.8212	411.236
9.8267	411.9044
9.8308	411.3926
9.8364	412.1343
9.8408	411.7146
9.8447	411.0676
9.8492	411.2143
9.8544	411.7356
9.8591	411.769
9.8635	411.3289
9.8685	411.8044
9.8735	411.8329
9.8783	411.8993
9.8837	412.2937
9.8872	411.3251
9.8915	411.1722
9.8964	411.5412
9.9017	412.0323
9.9059	411.5914
9.9102	411.4586
9.9159	412.1309
9.92	411.5986
9.9257	412.3385
9.9299	411.952
9.9339	411.2534
9.9383	411.3633
9.9437	412.0349
9.9484	411.946
9.9528	411.6321
9.9577	411.8707
9.9624	411.9073
9.9671	411.9991
9.9728	412.3732
9.9764	411.6779
9.9805	411.3381
9.9855	411.7904
9.9908	412.1757
9.9949	411.7533
9.9996	411.7522
10.0047	412.2298
10.0091	411.921
10.0148	412.3858
10.0193	412.165
10.0229	411.5222
10.0273	411.4771
10.0329	412.1866
10.0378	412.1762
10.042	411.9378
10.0467	412.074
10.0518	412.1747
10.0566	412.2269
10.0623	412.4566
10.0658	411.9261
10.07	411.6103
10.0749	411.973
10.0804	412.377
10.0844	412.0028
10.089	411.9426
10.0943	412.3506
10.0985	412.0379
10.1039	412.3839
10.1087	412.3042
10.1124	411.7939
10.1168	411.7972
10.1223	412.3064
10.127	412.2871
10.1313	412.0391
10.1361	412.2584
10.1408	412.1708
10.1455	412.1977
10.1516	412.709
10.1552	412.0672
10.1591	411.7467
10.1641	412.116
10.1694	412.3908
10.1737	412.1924
10.1782	412.2054
10.1835	412.3908
10.1876	412.0664
10.193	412.4474
10.1979	412.3998
10.2016	411.9204
10.2061	411.9868
10.2115	412.3678
10.2165	412.3922
10.2206	412.1933
10.2256	412.3461
10.2302	412.3448
10.2346	412.2602
10.2406	412.9329
10.2444	412.2719
10.2485	411.9616
10.2532	412.1963
10.2587	412.4322
10.2628	412.2841
10.2673	412.2267
10.2727	412.4284
10.2767	412.2327
10.2822	412.5404
10.2871	412.524
10.2908	412.0407
10.2953	412.0622
10.3004	412.4004
10.3056	412.4903
10.3096	412.3254
10.3147	412.3887
10.3194	412.4029
10.3237	412.32
10.3296	413.0328
10.3336	412.3416
10.3374	412.0812
10.3424	412.3363
10.3479	412.6927
10.3519	412.3684
10.3565	412.3643
10.3619	412.7088
10.366	412.372
10.3713	412.5833
10.3765	412.8496
10.3803	412.3103
10.3846	412.2981
10.3899	412.475
10.3952	412.8643
10.3991	412.3737
10.404	412.458
10.4091	412.6274
10.4136	412.4038
10.4192	413.0773
10.4232	412.4242
10.4272	412.2355
10.4321	412.3685
10.4375	412.811
10.4418	412.4454
10.4463	412.3791
10.4518	412.9637
10.4564	412.5091
10.4611	412.808
10.4664	412.9504
10.47	412.3534
10.4744	412.3422
10.4797	412.5935
10.4851	412.9565
10.4889	412.3815
10.4936	412.4185
10.4989	412.8521
10.5034	412.5781
10.509	413.1145
10.5131	412.6015
10.5171	412.3517
10.522	412.4194
10.5273	412.9626
10.5319	412.5273
10.5361	412.3949
10.5415	412.9585
10.5464	412.9813
10.5516	413.1448
10.5567	413.0696
10.5604	412.3942
10.5647	412.3521
10.57	412.7307
10.5753	413.0482
10.5795	412.454
10.5839	412.4463
10.5896	413.0821
10.5941	412.9802
10.6	413.2977
10.604	412.6864
10.608	412.3809
10.6127	412.4009
10.6185	413.106
10.6231	412.8096
10.6273	412.4993
10.6323	412.7343
10.6372	412.8606
10.6421	413.0221
10.6475	413.142
10.6514	412.4809
10.6558	412.4292
10.661	412.84
10.6665	413.1476
10.6705	412.5813
10.675	412.521
10.6808	413.1378
10.6854	413.0385
10.6911	413.2727
10.6952	412.882
10.6991	412.3948
10.704	412.4883
10.7093	413.0473
10.7142	413.0295
10.7187	412.826
10.7238	413.0887
10.7285	412.9996
10.7336	413.0698
10.7393	413.2771
10.743	412.6467
10.7475	412.5008
10.7525	412.9312
10.7579	413.1681
10.7623	412.873
10.767	412.7373
10.7726	413.186
10.7769	412.9383
10.7827	413.2617
10.7871	413.0835
10.7911	412.4604
10.7958	412.6508
10.8013	413.0981
10.8059	413.0548
10.8103	412.7548
10.8155	413.0558
10.8205	413.0664
10.8256	413.0886
10.8311	413.341
10.8348	412.7462
10.839	412.4868
10.8445	412.9969
10.8497	413.1846
10.8541	412.9238
10.8585	412.7637
10.8643	413.2061
10.8682	412.9107
10.8745	413.3807
10.879	413.1398
10.8831	412.5157
10.8876	412.6874
10.8932	413.1689
10.8982	413.1161
10.9025	412.9455
10.9075	413.074
10.9126	413.0847
10.9173	413.1426
10.9233	413.3783
10.9269	412.8383
10.9312	412.4907
10.9361	412.8691
10.9417	413.164
10.946	412.9058
10.9507	412.8891
10.9561	413.2013
10.9603	412.9802
10.9662	413.3151
10.9706	413.1227
10.9744	412.522
10.9791	412.5045
10.9846	413.1701
10.9894	413.1208
10.9937	412.9273
10.9987	413.0375
11.0037	413.1128
11.0086	413.135
11.0144	413.3957
11.0183	412.9299
11.0225	412.5601
11.0275	412.9919
11.0331	413.2541
11.0371	413.0035
11.0418	412.9709
11.0473	413.2319
11.0516	413.0462
11.0574	413.3441
11.0623	413.2407
11.0662	412.796
11.0706	412.7291
11.0763	413.2058
11.0811	413.1904
11.0855	413.0218
11.0906	413.1682
11.0952	413.1086
11.1001	413.1241
11.1063	413.5281
11.11	413.0186
11.1142	412.5143
11.1193	413.025
11.1249	413.2663
11.1293	413.0695
11.1339	413.0921
11.1391	413.2196
11.1436	412.9572
11.1492	413.3366
11.1542	413.2685
11.1577	412.7079
11.1627	412.7927
11.1684	413.2169
11.1732	413.1978
11.1776	413.0244
11.1826	413.1356
11.1875	413.1333
11.192	413.0627
11.1982	413.5052
11.2021	413.0685
11.2063	412.5828
11.2113	413.0088
11.2168	413.2431
11.2211	413.0496
11.2259	413.0353
11.2314	413.2438
11.2355	413.0002
11.2411	413.3131
11.2465	413.2786
11.25	412.7111
11.2546	412.7289
11.26	413.1573
11.2652	413.2394
11.2694	413.0496
11.2746	413.1378
11.2796	413.1501
11.2839	413.0033
11.2901	413.4293
11.294	413.047
11.2982	412.5706
11.3032	412.9993
11.3088	413.2605
11.3134	413.0914
11.3179	413.0636
11.3234	413.2468
11.3277	413.036
11.3329	413.1824
11.3383	413.2787
11.3422	412.8205
11.3468	412.717
11.352	413.1158
11.3573	413.2445
11.3616	412.9678
11.3666	413.1069
11.3717	413.1973
11.3762	413.0477
11.382	413.3439
11.3864	413.0939
11.3903	412.6302
11.3953	412.9861
11.4008	413.2339
11.4055	413.0834
11.41	412.9859
11.4157	413.2632
11.4203	413.1268
11.4254	413.2021
11.4307	413.2488
11.4346	412.7458
11.439	412.5637
11.4444	413.109
11.4498	413.2192
11.4538	412.8832
11.4588	412.9661
11.4642	413.1808
11.4689	413.111
11.4747	413.3545
11.479	413.0714
11.4831	412.523
11.4882	412.8544
11.4935	413.1814
11.4982	413.0103
11.5026	412.7112
11.5082	413.1801
11.5132	413.1647
11.5186	413.2762
11.5237	413.2208
11.5276	412.6659
11.532	412.4499
11.5374	413.0193
11.5429	413.1749
11.5469	412.642
11.5515	412.5283
11.5572	413.1665
11.5621	413.1141
11.5681	413.4234
11.5721	412.9816
11.5764	412.455
11.581	412.4812
11.5869	413.1588
11.5917	412.9886
11.5961	412.741
11.6012	412.9688
11.6063	413.0467
11.6115	413.1361
11.6167	413.1709
11.6207	412.4803
11.6251	412.4205
11.6303	412.7904
11.6359	413.1279
11.6402	412.5367
11.6446	412.4772
11.6505	413.1246
11.655	412.9589
11.6609	413.2201
11.6652	412.7489
11.6694	412.3749
11.6742	412.4251
11.6797	412.9733
11.6845	412.8586
11.689	412.5243
11.6942	412.8847
11.699	412.7219
11.7041	412.8864
11.7099	413.1737
11.7137	412.4091
11.718	412.3692
11.7232	412.4862
11.7289	413.0449
11.7332	412.4831
11.7379	412.426
11.7436	413.079
11.7479	412.5252
11.7539	413.174
11.7585	412.8636
11.7626	412.3488
11.7674	412.3882
11.7728	412.6614
11.778	412.6938
11.7823	412.3914
11.7875	412.6544
11.7928	412.6517
11.7975	412.6336
11.8036	413.1374
11.8073	412.3271
11.8118	412.2194
11.817	412.4068
11.8225	412.7686
11.8268	412.3611
11.8314	412.3269
11.8372	412.7969
11.8416	412.3678
11.8478	413.0883
11.8524	412.4704
11.8562	412.0673
11.861	412.1299
11.8666	412.4126
11.8716	412.3864
11.8759	412.2587
11.8808	412.3622
11.886	412.3827
11.8911	412.404
11.897	412.9649
11.9007	412.2057
11.9051	411.993
11.9102	412.2252
11.9159	412.4167
11.92	412.2283
11.9249	412.1881
11.9306	412.4516
11.9349	412.2398
11.9408	412.6875
11.9456	412.3639
11.9497	411.9045
11.9543	411.8688
11.9599	412.3377
11.9649	412.3011
11.9696	412.0152
11.9745	412.1073
11.9795	412.2493
11.9847	412.2806
11.9906	412.592
11.9945	411.9311
11.9989	411.632
12.004	411.9184
12.0099	412.3459
12.0142	411.9355
12.019	411.881
12.0246	412.2885
12.029	411.9
12.0348	412.3634
12.0398	412.1345
12.0438	411.4311
12.0484	411.3764
12.054	412.0209
12.0591	412.0031
12.0633	411.6555
12.069	411.923
12.0737	411.7768
12.0786	411.734
12.0848	412.369
12.0888	411.5454
12.0931	411.068
12.0984	411.5166
12.104	412.0149
12.1084	411.5384
12.1131	411.4337
12.1186	411.868
12.123	411.2328
12.129	412.0178
12.1343	411.8469
12.138	410.9713
12.1428	410.9763
12.1484	411.4572
12.1536	411.5073
12.1581	411.0984
12.1633	411.3162
12.1684	411.2868
12.1729	411.0812
12.1792	411.9919
12.1833	411.0064
12.1876	410.731
12.1928	410.9027
12.1985	411.3286
12.2031	410.9702
12.2079	410.9175
12.2137	411.273
12.2177	410.8177
12.2233	411.2289
12.2289	411.2519
12.2328	410.662
12.2374	410.6613
12.2432	410.9465
12.2487	411.025
12.2531	410.7432
12.2581	410.7933
12.2635	410.8205
12.268	410.6764
12.2744	411.2281
12.2784	410.6588
12.2827	410.5093
12.2879	410.5909
12.2937	410.8026
12.2982	410.6235
12.3029	410.5976
12.3088	410.7775
12.3133	410.5735
12.3188	410.6759
12.3243	410.7285
12.3283	410.4252
12.3327	410.3771
12.3383	410.5391
12.3439	410.6343
12.3483	410.4581
12.3534	410.5131
12.3591	410.5651
12.3635	410.416
12.3696	410.6067
12.3741	410.3933
12.3781	409.9527
12.3834	410.2304
12.3891	410.4853
12.3935	410.2486
12.3984	410.0902
12.404	410.4627
12.4088	410.2502
12.4141	410.3615
12.4196	410.3879
12.4235	409.6766
12.4282	409.6166
12.4335	409.9939
12.4393	410.2315
12.4434	409.664
12.4485	409.728
12.4541	410.1031
12.459	409.8541
12.4648	410.3126
12.4694	409.6468
12.4738	409.3339
12.4789	409.5517
12.4845	409.7162
12.4893	409.5317
12.4938	409.2921
12.4996	409.6521
12.5047	409.5823
12.5104	409.6609
12.5156	409.5502
12.5198	408.9534
12.5243	408.7798
12.5298	409.1488
12.5353	409.3785
12.5396	408.8817
12.5442	408.8107
12.5502	409.3368
12.5551	409.1758
12.5614	409.5716
12.5657	408.7813
12.5702	408.4851
12.5752	408.4842
12.5808	408.8749
12.5857	408.6123
12.5903	408.5048
12.5955	408.5504
12.6007	408.5472
12.606	408.6065
12.6115	408.683
12.6156	407.9369
12.6203	407.7255
12.6257	408.1149
12.6317	408.5016
12.636	407.7475
12.6407	407.6602
12.6468	408.3032
12.6515	407.84
12.6576	408.4264
12.6621	407.5065
12.6663	407.2452
12.6715	407.2802
12.6769	407.4556
12.6822	407.3796
12.687	407.2541
12.6923	407.3327
12.6975	407.2915
12.7027	407.2829
12.7086	407.4179
12.7125	406.8996
12.7172	406.8171
12.7225	406.9195
12.7283	407.1346
12.7327	406.8628
12.7377	406.8192
12.7438	407.0618
12.7485	406.7924
12.7546	407.0471
12.7595	406.7245
12.7639	406.344
12.7687	406.4197
12.7741	406.5966
12.7794	406.5668
12.7841	406.3067
12.7894	406.4756
12.7947	406.4044
12.7997	406.3444
12.806	406.5783
12.8101	405.8651
12.8147	405.5804
12.8199	405.8814
12.8254	406.0637
12.83	405.6236
12.8347	405.3067
12.8407	405.9418
12.8451	405.2609
12.8517	406.0399
12.8566	405.2242
12.8609	404.7797
12.8659	404.7885
12.8716	404.997
12.8769	404.9116
12.8815	404.7354
12.8868	404.8003
12.8921	404.7711
12.8974	404.757
12.9036	404.9025
12.9077	403.7874
12.9124	403.5356
12.9176	403.7183
12.9235	404.0682
12.9281	403.5829
12.9332	403.4975
12.9389	403.7744
12.9434	403.3552
12.9495	403.696
12.955	403.2836
12.959	402.748
12.9639	402.6627
12.9698	402.9723
12.9751	402.8601
12.9798	402.6155
12.985	402.5813
12.9906	402.5978
12.9957	402.5016
13.0022	402.7372
13.0064	402.0794
13.0111	401.9242
13.0167	402.0255
13.0227	402.1404
13.0273	401.9083
13.0323	401.8426
13.0385	402.0157
13.0431	401.7849
13.0494	401.9197
13.0547	401.7055
13.059	401.0942
13.0639	401.0352
13.0695	401.489
13.0751	401.3674
13.0799	400.9707
13.0856	401.0627
13.0907	400.8582
13.0959	400.7645
13.1026	401.0464
13.1069	399.9827
13.1113	399.4329
13.1168	399.7289
13.1229	400.2495
13.1277	399.4715
13.1328	399.2888
13.1386	399.443
13.1432	398.6834
13.1496	399.3038
13.1552	398.7264
13.1595	398.0162
13.1645	398.0161
13.1703	398.1357
13.1758	398.0692
13.1808	397.9607
13.1863	397.9791
13.1919	397.8642
13.1968	397.5091
13.2036	397.9782
13.2083	397.0002
13.2129	396.5633
13.2182	396.6529
13.2245	396.9398
13.2294	396.4962
13.2346	396.3857
13.2406	396.5064
13.2454	395.781
13.2516	396.1729
13.2575	395.7473
13.2619	395.0408
13.2667	394.9123
13.2725	395.2902
13.2785	395.2618
13.2834	394.7893
13.2891	394.7887
13.2947	394.6495
13.2997	394.3801
13.3066	394.6252
13.3114	393.7722
13.3159	393.4177
13.3213	393.5257
13.3276	393.7762
13.3326	393.3195
13.3378	393.0857
13.344	393.2163
13.3489	392.4682
13.3549	392.5421
13.3611	392.3074
13.3656	391.3752
13.3705	391.0762
13.3764	391.4506
13.3826	391.5057
13.3873	390.7435
13.393	390.7188
13.3991	390.5709
13.4043	390.0873
13.4111	390.2237
13.4163	389.8633
13.4211	389.6805
13.4266	389.7244
13.4327	389.8008
13.4381	389.4714
13.4433	388.9052
13.4497	389.3457
13.4553	388.4893
13.4612	388.3868
13.4675	387.8844
13.4722	386.7865
13.4772	386.5226
13.4832	386.9055
13.4893	386.8438
13.4942	386.0071
13.4997	385.8779
13.5061	385.8613
13.5117	385.551
13.5184	385.557
13.524	384.9536
13.5286	384.6912
13.534	384.7501
13.5404	384.8071
13.5457	384.3195
13.5508	384.0831
13.5571	384.1871
13.563	383.7439
13.5697	383.3717
13.5758	382.5468
13.5808	381.7382
13.5857	381.5086
13.5916	381.834
13.5977	381.7938
13.6028	381.0506
13.608	380.871
13.6148	381.0104
13.6205	380.4028
13.6278	380.0559
13.6334	378.8132
13.6383	378.4
13.6434	378.3922
13.6497	378.778
13.6554	378.1949
13.6609	377.93
13.6666	377.8544
13.6727	377.5335
13.6793	377.2998
13.6859	376.893
13.6909	375.788
13.6959	375.6945
13.7018	375.7264
13.7084	375.7044
13.7137	374.4081
13.7191	374.1026
13.726	374.0774
13.7318	373.3866
13.739	373.2687
13.7446	372.8098
13.7494	372.2101
13.7548	372.2783
13.7609	372.4529
13.7671	371.8289
13.7727	371.0573
13.7789	370.8002
13.7854	370.1122
13.7915	369.7268
13.7988	369.2378
13.8041	368.3224
13.8091	368.1361
13.8149	368.2452
13.8215	368.1356
13.8269	367.3205
13.8328	366.9751
13.8399	366.8949
13.8457	365.6735
13.853	365.5817
13.859	364.8666
13.864	364.1957
13.8694	364.186
13.8757	364.2897
13.8819	363.3664
13.8876	362.5549
13.894	362.341
13.9007	361.5797
13.9071	361.1802
13.9145	360.905
13.9198	360.1025
13.9248	359.8471
13.9306	359.9404
13.9371	359.6474
13.9431	358.4668
13.949	357.6028
13.9561	357.3305
13.962	356.4038
13.9693	356.4088
13.9762	355.3146
13.9813	354.2686
13.9865	354.2767
13.9929	354.338
13.9997	353.3666
14.0059	352.5547
14.0121	352.3695
14.019	351.7831
14.0257	351.3467
14.0343	350.3914
14.0403	348.4306
14.0453	348.1815
14.0511	348.1939
14.0588	347.9846
14.0883	319.5678

