MTS25	Tensile stress
-0.0002	0.088
0.0029	2.4873
0.0045	3.7202
0.0068	5.5497
0.0095	7.4921
0.0119	9.4204
0.0133	10.4369
0.0157	12.1316
0.0176	13.8941
0.0197	15.1937
0.0223	17.1584
0.0234	18.2525
0.0252	19.4827
0.0274	21.3142
0.03	22.9809
0.0311	24.0222
0.0332	25.8094
0.0356	27.362
0.0371	28.3701
0.0396	30.977
0.0413	31.9516
0.0425	32.6725
0.0444	34.4016
0.0469	36.256
0.0489	37.7552
0.0502	38.7338
0.0525	40.0306
0.0547	42.283
0.0567	43.6891
0.0589	45.2182
0.0602	46.1158
0.0615	47.102
0.0638	48.8104
0.0663	50.8425
0.0677	51.5961
0.0693	52.9857
0.0722	55.1991
0.0736	56.2174
0.076	58.0513
0.0775	59.271
0.0786	59.9237
0.0804	61.34
0.0831	63.1052
0.085	64.7871
0.0864	65.4383
0.0884	67.5035
0.0903	68.5858
0.0921	70.1001
0.0946	71.8099
0.0957	72.7147
0.097	73.5866
0.0992	75.5936
0.1017	77.255
0.103	77.8628
0.1046	79.61
0.1071	81.2653
0.1087	82.0971
0.111	84.1095
0.1126	85.279
0.1137	85.9675
0.1153	87.4886
0.1178	89.1378
0.1199	90.3734
0.1212	91.9976
0.1232	93.129
0.1252	94.5723
0.1269	95.8116
0.1293	97.9072
0.1304	98.4005
0.1318	99.436
0.1339	101.0746
0.1363	102.7029
0.1379	104.1055
0.1393	104.6929
0.1415	106.7622
0.1432	107.6952
0.1455	109.5998
0.1474	110.635
0.1483	111.4321
0.1499	112.7374
0.1524	114.4121
0.1541	116.0153
0.1555	116.7823
0.1574	118.3864
0.1595	119.7415
0.1608	120.9812
0.1636	122.8883
0.1645	123.2216
0.1658	124.6419
0.1678	125.8326
0.1702	127.5552
0.1714	128.7885
0.1731	129.5782
0.1754	131.6776
0.177	132.5965
0.1792	134.3431
0.1809	135.3226
0.182	136.1346
0.1836	137.4749
0.1861	139.0605
0.1881	140.7906
0.1892	141.3348
0.1911	143.2449
0.1932	144.3861
0.1948	145.6236
0.1973	147.4605
0.1984	147.8837
0.1995	149.1489
0.2014	150.1548
0.2038	152.1824
0.2052	153.1651
0.2068	154.2186
0.209	156.0095
0.2105	157.1733
0.2126	158.4732
0.2144	159.8526
0.2153	160.4713
0.2169	161.6876
0.2192	163.2643
0.2212	164.8594
0.2225	165.7208
0.224	166.8928
0.2264	168.8155
0.2279	169.5831
0.2305	171.2055
0.2314	172.0232
0.2325	172.81
0.2343	174.4211
0.237	176.3304
0.2384	177.2046
0.2397	177.9469
0.2419	179.7853
0.2432	180.9027
0.2454	182.205
0.2474	183.4572
0.2484	184.385
0.2496	185.5097
0.2518	186.8616
0.254	188.5699
0.2551	189.1416
0.2571	190.5797
0.259	192.343
0.2605	193.2736
0.2631	194.6356
0.2641	195.3077
0.2652	196.3743
0.2671	197.9241
0.2695	199.4659
0.271	200.5118
0.2723	201.7216
0.2746	202.9539
0.2758	203.8541
0.2781	205.4864
0.2799	206.6628
0.2807	207.3886
0.2822	208.422
0.2845	210.1364
0.2864	211.3548
0.2876	212.3143
0.2893	213.6176
0.2914	214.8739
0.2926	215.8038
0.2951	217.8615
0.2964	218.6959
0.2973	218.9937
0.2993	220.2329
0.3016	222.0539
0.303	223.0722
0.3046	224.1901
0.3068	225.6274
0.3081	226.6124
0.3101	227.6877
0.3124	229.478
0.3131	230.1996
0.3146	231.1097
0.3166	232.008
0.3189	233.8621
0.3202	235.0091
0.3219	236.0452
0.3239	237.067
0.3252	237.847
0.3277	239.7276
0.329	240.5939
0.3299	241.4868
0.3318	242.9192
0.3342	243.6833
0.3357	244.961
0.3372	246.1063
0.3394	247.9398
0.3408	248.3903
0.3428	249.424
0.3452	251.3689
0.3461	251.8649
0.3474	252.4898
0.3497	254.1476
0.3518	255.4809
0.3529	255.8793
0.3548	257.204
0.357	258.9006
0.3584	259.9903
0.3608	260.684
0.3623	261.6389
0.3633	262.2094
0.3651	264.1304
0.3675	265.1708
0.3694	266.4066
0.3707	267.2603
0.3728	268.3539
0.3747	269.2354
0.3765	270.5462
0.3789	272.2759
0.38	272.5338
0.3812	272.976
0.3838	274.6046
0.3862	276.6071
0.3874	276.6741
0.3892	277.3718
0.3917	279.1969
0.3933	280.1821
0.3957	281.2237
0.3974	282.2564
0.3986	282.6357
0.4006	284.0599
0.4031	285.1044
0.4048	285.9105
0.4062	286.8366
0.4084	288.3179
0.4106	289.1451
0.4129	290.5803
0.415	291.8426
0.4162	292.2599
0.4176	292.9175
0.42	293.4403
0.4225	295.0054
0.4239	295.7281
0.4258	297.0802
0.4286	297.9485
0.4304	298.8485
0.4332	300.598
0.4348	301.1723
0.4362	301.6518
0.4381	302.2165
0.4408	303.852
0.4431	304.7407
0.4445	305.0741
0.4468	305.6534
0.4494	307.429
0.4512	308.205
0.4543	309.9428
0.4555	309.9357
0.4574	309.9619
0.4597	310.9795
0.4626	313.1075
0.4644	313.4829
0.4665	314.2405
0.4694	315.5739
0.4713	315.936
0.4742	316.8857
0.4763	317.501
0.4778	317.6445
0.4799	318.3441
0.4827	319.9894
0.4855	321.1793
0.4875	321.7356
0.4899	321.8882
0.4923	322.2837
0.4948	323.7249
0.4979	325.2647
0.4997	325.3191
0.5017	325.902
0.5043	326.6358
0.5077	327.2856
0.5098	327.4419
0.5121	328.0976
0.5155	329.6355
0.5178	329.94
0.5208	330.6095
0.5236	331.2433
0.5254	331.3585
0.5281	332.4379
0.5311	333.3424
0.534	334.0261
0.5363	334.1685
0.5393	334.6968
0.5424	335.081
0.5449	335.7665
0.5487	337.0687
0.5509	336.9893
0.5533	337.3158
0.5564	338.3586
0.56	338.7384
0.5627	338.7951
0.5653	339.0767
0.569	340.373
0.5715	340.4478
0.5751	341.2419
0.5784	341.5755
0.5809	341.43
0.5835	342.1375
0.5873	342.972
0.5909	343.1964
0.5934	343.2133
0.5967	343.664
0.6003	344.4018
0.6033	344.6638
0.608	346.2368
0.6105	345.343
0.6131	345.5212
0.6164	346.5832
0.6203	346.7752
0.6236	346.8386
0.6269	347.0768
0.6308	347.8901
0.6341	347.8967
0.638	348.9785
0.642	349.1441
0.6449	348.9913
0.6478	349.1193
0.6518	349.9382
0.6558	350.3051
0.6588	350.2308
0.6623	350.4939
0.6664	350.993
0.6698	351.0014
0.6747	351.6198
0.6778	351.2134
0.6809	351.1906
0.6845	351.6704
0.6889	352.3636
0.6924	352.3312
0.696	352.4472
0.6999	353.1207
0.7035	353.0565
0.7077	353.9553
0.7122	354.3055
0.7151	353.5652
0.7185	353.8108
0.7228	354.7984
0.7271	354.9976
0.7305	354.9418
0.7343	355.0072
0.7386	355.0734
0.7421	355.0387
0.7472	355.8753
0.7507	355.2388
0.7539	355.1084
0.7577	355.525
0.7625	356.5944
0.7662	356.5822
0.77	356.6275
0.7744	357.4237
0.778	357.2667
0.7824	357.8125
0.7872	358.0981
0.7902	357.5495
0.7941	357.7079
0.7985	358.3554
0.8033	358.7656
0.8067	358.4434
0.8109	358.7512
0.8153	359.0754
0.8188	358.9326
0.8241	359.3875
0.8277	359.2061
0.8311	359.0588
0.8352	359.2372
0.8399	359.5388
0.8441	359.5024
0.8477	359.5004
0.8525	359.813
0.8565	359.6858
0.8606	360.0118
0.8658	360.3045
0.8691	359.7876
0.8728	359.8586
0.8773	360.3104
0.882	360.7516
0.8857	360.41
0.8899	360.7173
0.8945	361.0212
0.8981	360.7663
0.9035	361.5536
0.9073	361.1893
0.9108	360.769
0.915	361.1956
0.9199	361.8019
0.9242	361.7889
0.9282	361.697
0.9327	362.2068
0.9372	362.0583
0.9414	362.3446
0.9464	363.1044
0.9498	362.1271
0.9537	362.0991
0.9583	362.8918
0.9633	363.4066
0.9671	363.0174
0.9713	363.2061
0.9763	363.5055
0.9802	363.3665
0.985	363.5767
0.9893	363.5235
0.9928	363.3192
0.9969	363.5186
1.0019	363.6403
1.0064	363.6298
1.0103	363.5999
1.015	363.8209
1.0194	363.7557
1.0239	363.9018
1.029	364.344
1.0325	363.7041
1.0362	363.6605
1.041	364.1475
1.0462	364.9003
1.0497	364.1459
1.054	364.2481
1.059	365.1625
1.0631	364.9448
1.0682	365.4476
1.0726	365.1902
1.0759	364.5619
1.0802	364.9385
1.085	365.4681
1.0899	365.5108
1.0934	365.3013
1.098	365.5345
1.1029	365.7769
1.1076	365.8876
1.1126	365.988
1.1161	365.5271
1.1199	365.4878
1.1247	365.8473
1.1297	366.2273
1.1336	365.8802
1.1376	365.8692
1.1428	366.4363
1.1471	366.2856
1.1523	366.8458
1.1563	366.3521
1.1601	365.9261
1.1641	366.0396
1.1693	366.7161
1.174	366.7638
1.1778	366.4968
1.1821	366.6246
1.187	366.899
1.1914	366.9216
1.1966	367.1205
1.2003	366.8346
1.2041	366.7259
1.2086	366.928
1.214	367.203
1.2179	367.0609
1.2218	367.0385
1.2273	367.3633
1.2314	367.1646
1.2366	367.6627
1.2409	367.2801
1.2446	367.0723
1.2486	367.1194
1.2536	367.4311
1.2585	367.8351
1.2625	367.4716
1.2671	367.6349
1.2717	367.9258
1.2761	367.8469
1.2815	368.5396
1.2853	367.7235
1.2891	367.4855
1.2937	367.8822
1.2989	368.5194
1.303	368.1513
1.3073	368.0989
1.3123	368.6589
1.3166	368.4165
1.3215	368.8354
1.3259	368.7047
1.3296	368.2031
1.3339	368.3034
1.3387	368.7551
1.3437	369.0895
1.3476	368.6632
1.3522	368.8975
1.357	369.2216
1.3612	369.0964
1.3668	369.8209
1.3707	369.0478
1.3745	368.7522
1.3792	369.1812
1.3841	369.7146
1.3884	369.4203
1.3926	369.3944
1.3975	369.9616
1.4018	369.5772
1.4069	370.2328
1.4119	370.1563
1.4153	369.438
1.4198	369.4987
1.4247	370.0518
1.4298	370.4605
1.4338	369.9699
1.4381	370.1679
1.4432	370.5442
1.4473	370.3703
1.4531	371.2115
1.4568	370.3097
1.4607	369.9533
1.4653	370.303
1.4704	370.982
1.4748	370.6765
1.4791	370.6309
1.4841	371.1917
1.4882	370.8799
1.4932	371.3136
1.4982	371.3198
1.5017	370.6367
1.5057	370.5843
1.5107	371.2576
1.5157	371.4297
1.5196	371.2318
1.5241	371.2836
1.5291	371.4794
1.5333	371.3773
1.5392	371.5864
1.5429	371.3924
1.5469	371.2359
1.5514	371.3651
1.5566	371.5673
1.5607	371.5119
1.5649	371.509
1.5698	371.5755
1.574	371.5368
1.5792	371.6353
1.5842	371.6679
1.5881	371.5152
1.592	371.4837
1.5971	371.5956
1.602	371.7569
1.606	371.5866
1.6104	371.6361
1.6153	371.7495
1.6193	371.6321
1.625	372.1617
1.6291	371.6962
1.6327	371.5683
1.6372	371.6661
1.6426	371.9987
1.6469	371.9212
1.6509	371.8386
1.6559	372.0416
1.6602	371.9088
1.665	372.199
1.6703	372.5891
1.6739	371.8632
1.6779	371.8465
1.6826	372.2546
1.6878	372.685
1.6917	372.1169
1.6963	372.3172
1.7012	372.7004
1.7052	372.3643
1.711	373.3963
1.7153	372.673
1.7189	372.1088
1.7233	372.4602
1.7284	373.0894
1.7327	372.9054
1.7369	372.7697
1.7418	373.2816
1.7461	373.0078
1.7509	373.3723
1.7564	373.8452
1.7601	372.8466
1.7641	372.7562
1.7688	373.4024
1.7738	373.9677
1.7779	373.3882
1.7823	373.5768
1.7874	373.9788
1.7913	373.4987
1.7968	374.319
1.801	373.9434
1.8047	373.2812
1.809	373.6402
1.8142	374.2554
1.8187	374.207
1.8228	374.0653
1.8276	374.2987
1.8321	374.2308
1.8366	374.258
1.842	374.9116
1.8456	374.1648
1.8494	374.0473
1.8542	374.3515
1.8593	374.9792
1.8633	374.3648
1.8678	374.5415
1.873	375.0296
1.8771	374.8199
1.8824	375.2005
1.8868	374.961
1.8906	374.3339
1.8947	374.6978
1.8997	375.1543
1.9045	375.1405
1.9087	374.9739
1.9136	375.3319
1.9182	375.2191
1.9229	375.3252
1.9281	375.6827
1.9318	375.038
1.9356	374.9466
1.9404	375.3668
1.9457	375.7687
1.9496	375.2965
1.954	375.3173
1.9592	375.8057
1.9634	375.6542
1.9685	375.8805
1.9732	375.7662
1.9765	375.3234
1.9811	375.5134
1.986	375.8384
1.9907	375.8429
1.9948	375.667
1.9994	375.843
2.0044	376.0269
2.0091	376.1506
2.0142	376.2916
2.0178	375.7829
2.0217	375.7003
2.0266	375.9376
2.0318	376.3125
2.0356	375.9467
2.0398	375.894
2.0451	376.3853
2.0495	376.2496
2.0549	376.6351
2.0591	376.3273
2.0627	375.9813
2.067	376.0215
2.0719	376.456
2.077	376.5012
2.081	376.293
2.0853	376.3563
2.0906	376.5618
2.0949	376.5507
2.1001	376.7668
2.1042	376.4463
2.108	376.3254
2.1125	376.5073
2.1178	376.8323
2.1219	376.5714
2.1261	376.5143
2.1315	376.8561
2.1356	376.7088
2.141	377.1358
2.1454	376.8008
2.1489	376.5204
2.1532	376.5746
2.1581	376.8257
2.163	377.0789
2.1671	376.7921
2.1715	376.8699
2.1763	377.1254
2.1807	376.9931
2.1862	377.3937
2.1899	376.9094
2.1939	376.7526
2.1985	376.9369
2.2037	377.3501
2.2078	377.2274
2.2121	377.1164
2.2172	377.4188
2.2212	377.2934
2.2262	377.5489
2.231	377.5312
2.2346	377.1968
2.2388	377.2419
2.2437	377.4413
2.2486	377.6463
2.2527	377.3444
2.2573	377.4721
2.2623	377.6998
2.2665	377.5919
2.272	378.153
2.2757	377.5145
2.2795	377.3208
2.2842	377.5983
2.2893	377.9898
2.2936	377.7137
2.2979	377.6749
2.303	378.1949
2.307	377.7458
2.3123	378.3148
2.317	378.2636
2.3207	377.656
2.3249	377.659
2.3298	378.0991
2.3349	378.4321
2.3388	377.9812
2.3431	378.1346
2.3482	378.5429
2.3522	378.2725
2.3579	379.3986
2.3618	378.289
2.3656	377.9505
2.3703	378.1845
2.3754	379.035
2.3797	378.5712
2.384	378.4457
2.3889	379.1685
2.3932	378.7784
2.3981	379.3997
2.403	379.4055
2.4065	378.4363
2.4105	378.3114
2.4154	379.1864
2.4207	379.4902
2.4245	379.1685
2.429	379.2142
2.434	379.5085
2.438	379.3395
2.4438	379.8458
2.4476	379.4002
2.4514	379.0626
2.4558	379.2964
2.4613	379.7962
2.4653	379.539
2.4695	379.4811
2.4744	379.7653
2.4783	379.5838
2.4834	379.8571
2.4885	379.9734
2.4922	379.5132
2.4963	379.4153
2.5011	379.7822
2.5062	379.9875
2.51	379.7344
2.5146	379.8346
2.5194	379.9813
2.5234	379.826
2.5291	380.5545
2.5331	379.9257
2.5367	379.6644
2.5413	379.8486
2.5466	380.3011
2.551	380.176
2.5552	380.0547
2.5602	380.3884
2.5642	380.082
2.5691	380.4318
2.5743	380.6422
2.5778	380.0089
2.5818	379.9392
2.5867	380.3769
2.5919	380.6402
2.5956	380.274
2.6001	380.4138
2.605	380.6009
2.609	380.3912
2.6147	381.2224
2.6189	380.5977
2.6225	380.2377
2.6271	380.4742
2.6322	380.9206
2.6366	380.7209
2.6405	380.6038
2.6455	381.0288
2.6498	380.7516
2.6544	381.0998
2.6599	381.5513
2.6635	380.6315
2.6674	380.5948
2.6723	381.1148
2.6774	381.5595
2.6815	381.0941
2.6859	381.2556
2.6908	381.5395
2.6946	381.166
2.7001	382.0554
2.7045	381.5096
2.7081	380.8461
2.7126	381.2658
2.7176	381.7535
2.7222	381.7005
2.7263	381.5179
2.7313	381.9944
2.7357	381.6793
2.7403	381.7961
2.7455	382.3977
2.7492	381.5361
2.7532	381.4594
2.758	381.9495
2.7633	382.4144
2.767	381.8764
2.7715	381.9819
2.7765	382.3829
2.7806	382.145
2.7857	382.5508
2.7901	382.3741
2.7936	381.7556
2.7982	382.0553
2.8031	382.55
2.8077	382.4726
2.8116	382.2413
2.8165	382.5974
2.8212	382.5838
2.8255	382.6264
2.8308	382.8183
2.8344	382.3977
2.8385	382.2249
2.8432	382.6345
2.8482	382.8944
2.852	382.6017
2.8563	382.5981
2.8616	382.941
2.8658	382.7159
2.8709	383.1267
2.8755	382.9461
2.8791	382.6033
2.8833	382.6744
2.8885	383.0642
2.8929	383.0341
2.8968	382.7143
2.9015	382.9875
2.9064	383.2066
2.9113	383.2578
2.9162	383.3479
2.92	382.8677
2.9236	382.6931
2.9285	383.0966
2.9337	383.3504
2.9376	383.1217
2.9418	383.0111
2.9468	383.3797
2.9512	383.2717
2.9567	383.572
2.9606	383.308
2.9644	383.058
2.9684	383.0733
2.9735	383.3784
2.9783	383.425
2.9822	383.2713
2.9865	383.2907
2.9915	383.4599
2.9959	383.4544
3.0012	383.647
3.0049	383.3562
3.0088	383.2588
3.0132	383.3759
3.0185	383.694
3.0224	383.4657
3.0264	383.4123
3.0317	383.7224
3.0359	383.598
3.0412	383.8564
3.0458	383.6694
3.0491	383.4129
3.0532	383.4443
3.058	383.6689
3.0631	383.7655
3.0669	383.623
3.0713	383.6828
3.0763	383.7684
3.0805	383.7266
3.086	384.1106
3.0894	383.6927
3.0934	383.5808
3.0979	383.7204
3.1031	384.0296
3.1071	383.7949
3.1113	383.7522
3.1165	384.0708
3.1207	383.8527
3.1256	384.1295
3.1301	384.1154
3.1336	383.7533
3.1378	383.7757
3.1425	384.0368
3.1475	384.1794
3.1514	383.9658
3.156	384.0533
3.1609	384.2122
3.1652	384.131
3.1706	384.654
3.1743	384.0598
3.1778	383.8929
3.1826	384.0874
3.1876	384.4093
3.1917	384.2002
3.1959	384.1458
3.2009	384.5577
3.205	384.2007
3.2099	384.687
3.2148	384.682
3.2183	384.1414
3.2225	384.1398
3.2272	384.4212
3.2322	384.7196
3.2362	384.311
3.2405	384.4458
3.2456	384.7645
3.2496	384.5848
3.2552	385.5262
3.2589	384.6402
3.2625	384.3125
3.267	384.5617
3.2722	384.9779
3.2765	384.7676
3.2808	384.6862
3.2857	385.1107
3.2898	384.8221
3.2949	385.4879
3.2997	385.5484
3.3029	384.6794
3.3071	384.6005
3.312	385.0939
3.3171	385.6195
3.3209	384.982
3.3253	385.0555
3.3303	385.6212
3.3345	385.2874
3.3401	386.1467
3.344	385.3972
3.3477	384.8708
3.3522	385.0702
3.3575	385.941
3.3617	385.6136
3.3659	385.4717
3.3706	385.9024
3.375	385.6335
3.38	386.0568
3.3849	386.2357
3.3885	385.4751
3.3924	385.2649
3.3975	385.9117
3.4027	386.2291
3.4066	385.8232
3.4111	385.9397
3.416	386.1891
3.4197	385.9325
3.4257	386.9217
3.4295	386.1075
3.433	385.6541
3.4376	385.942
3.4431	386.5729
3.4474	386.3028
3.4516	386.1349
3.4566	386.5239
3.4606	386.1615
3.4655	386.6367
3.4709	386.9929
3.4745	386.1317
3.4784	386.0471
3.4833	386.6026
3.4887	386.9742
3.4926	386.4447
3.4971	386.6432
3.5021	386.916
3.5059	386.5696
3.5117	387.4213
3.5159	386.8885
3.5196	386.2918
3.5244	386.6239
3.5295	387.1237
3.534	386.9795
3.5381	386.8485
3.543	387.2101
3.5472	386.9566
3.552	387.2147
3.5574	387.886
3.561	386.82
3.5651	386.7063
3.5701	387.0889
3.5753	387.756
3.5793	387.0291
3.5838	387.1576
3.5887	387.6181
3.5925	387.0264
3.5982	388.1066
3.6025	387.5942
3.606	386.916
3.6107	387.1302
3.6157	387.9383
3.6204	387.8549
3.6245	387.519
3.6294	388.0157
3.6336	387.7662
3.6383	387.8872
3.6437	388.235
3.6475	387.5844
3.6516	387.308
3.6564	387.9813
3.6618	388.2029
3.6656	387.9536
3.6701	388.0225
3.6752	388.2298
3.6794	388.0952
3.6845	388.2788
3.6893	388.1913
3.6928	387.8283
3.6973	388.019
3.7024	388.2363
3.7071	388.2315
3.711	388.1066
3.716	388.2656
3.7205	388.2227
3.7252	388.2601
3.7305	388.3652
3.7342	388.1382
3.7381	388.0244
3.743	388.248
3.7484	388.3693
3.752	388.2219
3.7563	388.2131
3.7616	388.374
3.7658	388.3102
3.771	388.3999
3.7757	388.3624
3.7795	388.2106
3.7839	388.2664
3.7889	388.3743
3.7934	388.361
3.7971	388.2758
3.8019	388.357
3.8069	388.4156
3.8117	388.4673
3.8168	388.5331
3.8205	388.3341
3.8243	388.2561
3.8293	388.3752
3.8345	388.5067
3.8382	388.369
3.8425	388.3568
3.8479	388.541
3.852	388.4543
3.8578	388.8051
3.8617	388.4724
3.8656	388.3564
3.8698	388.3624
3.8747	388.5327
3.8794	388.5641
3.8836	388.4263
3.8878	388.436
3.8931	388.5785
3.8974	388.564
3.9027	388.8125
3.9064	388.4934
3.9104	388.4045
3.915	388.501
3.9203	388.8805
3.9241	388.5383
3.928	388.4845
3.9336	388.8911
3.9375	388.6389
3.943	389.1523
3.9473	388.8057
3.9511	388.4937
3.9553	388.5325
3.9601	388.7398
3.965	389.0682
3.9691	388.672
3.9735	388.7299
3.9783	389.0589
3.9826	388.9203
3.9881	389.4478
3.9919	388.8329
3.9958	388.6149
4.0005	388.826
4.0055	389.3199
4.0098	389.0653
4.0142	388.9417
4.0193	389.3556
4.0232	389.1211
4.0285	389.4564
4.0333	389.4281
4.0369	388.8899
4.041	388.9114
4.0458	389.2921
4.0508	389.442
4.0546	389.1879
4.0593	389.2769
4.0642	389.5789
4.0688	389.3723
4.0743	390.1947
4.0777	389.2586
4.0816	389.0252
4.0863	389.2704
4.0912	389.7445
4.0954	389.4135
4.0995	389.3099
4.1047	389.9324
4.109	389.4477
4.114	390.1948
4.119	390.1901
4.1224	389.3252
4.1267	389.323
4.1317	389.8607
4.1367	390.2304
4.1408	389.639
4.1453	389.7593
4.1504	390.2718
4.1545	389.9596
4.1602	390.688
4.1639	390.0033
4.1676	389.4969
4.1723	389.7996
4.1775	390.3922
4.1819	390.0831
4.1862	389.9437
4.1911	390.4275
4.1955	390.2328
4.2005	390.5482
4.2055	390.6279
4.2089	389.9149
4.2128	389.7602
4.2179	390.3716
4.2229	390.5948
4.2269	390.315
4.2314	390.3196
4.2366	390.5961
4.2405	390.4346
4.2464	391.2861
4.2501	390.4288
4.2537	390.0765
4.2582	390.2718
4.2638	390.973
4.2678	390.5285
4.2722	390.4745
4.277	390.8073
4.2812	390.5496
4.2863	391.154
4.2914	391.3917
4.295	390.4818
4.2991	390.4024
4.3042	390.8312
4.3093	391.2906
4.3132	390.6237
4.3179	390.8691
4.3228	391.2559
4.3268	390.8008
4.3327	391.7419
4.3364	391.1119
4.34	390.5017
4.3447	390.7986
4.3503	391.4831
4.3547	391.3557
4.3589	391.1229
4.3639	391.4676
4.3681	391.1154
4.3728	391.4871
4.3782	391.7451
4.3817	390.9423
4.3857	390.7673
4.3909	391.433
4.396	391.6949
4.4	391.3452
4.4045	391.4288
4.4093	391.5544
4.4134	391.3647
4.419	391.9519
4.4231	391.5718
4.4269	391.1075
4.4315	391.3929
4.4367	391.7822
4.4411	391.6059
4.4453	391.4964
4.4501	391.8137
4.4543	391.6226
4.4592	391.8158
4.4647	392.0314
4.4681	391.4985
4.4723	391.4206
4.4772	391.714
4.4825	391.9951
4.4866	391.7451
4.491	391.8437
4.4959	391.9722
4.4999	391.698
4.5055	392.1789
4.5098	391.9257
4.5133	391.5092
4.518	391.7253
4.5232	392.0126
4.5278	391.9831
4.532	391.8784
4.5367	392.0153
4.541	391.9352
4.5455	391.9742
4.551	392.424
4.5546	391.8856
4.5587	391.7884
4.5638	392.0009
4.5688	392.349
4.5728	391.9748
4.5772	392.0064
4.5823	392.3768
4.5863	392.0338
4.5913	392.4239
4.5959	392.243
4.5996	391.9359
4.6042	392.0024
4.6091	392.3589
4.6139	392.3187
4.6179	392.0477
4.6227	392.4016
4.6275	392.4171
4.6321	392.5552
4.6375	392.8091
4.6412	392.1165
4.6451	392.005
4.6499	392.3712
4.6552	392.7988
4.659	392.2852
4.6632	392.218
4.6685	392.815
4.6727	392.5909
4.6781	392.8668
4.6828	392.7379
4.6863	392.1262
4.6907	392.2513
4.6958	392.7512
4.7003	392.7291
4.7042	392.3219
4.7089	392.67
4.7141	392.8689
4.7187	392.9542
4.7238	393.0847
4.7274	392.6141
4.7317	392.2889
4.7366	392.7584
4.7417	393.0101
4.7455	392.7057
4.7496	392.6094
4.755	393.0251
4.7594	392.9014
4.7649	393.2907
4.7691	392.9854
4.7728	392.6754
4.7772	392.6689
4.7823	393.0137
4.7869	393.077
4.791	392.8391
4.7954	392.8701
4.8009	393.1373
4.8055	393.0919
4.8106	393.3073
4.8144	392.9449
4.8185	392.7907
4.823	392.9405
4.8284	393.3072
4.8324	393.0397
4.8365	392.9344
4.8421	393.3135
4.8464	393.1696
4.8518	393.4641
4.8563	393.2433
4.86	392.9119
4.8644	392.9422
4.8694	393.2448
4.8743	393.3443
4.8783	393.1746
4.8828	393.2021
4.8878	393.3219
4.8922	393.2646
4.8978	393.8499
4.9015	393.1931
4.9055	392.998
4.9101	393.1909
4.9155	393.4688
4.9196	393.2589
4.924	393.2173
4.9294	393.5887
4.9335	393.2911
4.9386	393.6546
4.9433	393.711
4.9468	393.2011
4.9511	393.2026
4.956	393.4026
4.961	393.6689
4.9651	393.309
4.9697	393.3909
4.975	393.8244
4.9792	393.5555
4.9849	394.0943
4.9885	393.4132
4.9925	393.256
4.9972	393.4124
5.0021	393.931
5.0066	393.6214
5.0108	393.4234
5.016	394.0108
5.0201	393.588
5.0253	394.067
5.0304	394.0157
5.0337	393.3666
5.038	393.3604
5.043	393.853
5.0482	394.0331
5.0519	393.652
5.0565	393.7089
5.0616	394.0445
5.0657	393.864
5.0713	394.3654
5.075	393.8955
5.0791	393.5012
5.0837	393.7607
5.0888	394.0955
5.0933	393.9858
5.0974	393.8976
5.1025	394.1237
5.1067	394.014
5.1117	394.2496
5.1168	394.317
5.1202	393.8408
5.1244	393.6989
5.1293	394.0743
5.1345	394.297
5.1385	394.0451
5.1432	394.0571
5.1481	394.3172
5.1524	394.1111
5.1582	394.7498
5.1618	394.102
5.1658	393.9222
5.1702	394.0216
5.1757	394.4688
5.18	394.2057
5.1844	394.1188
5.1894	394.3986
5.1936	394.1842
5.1986	394.5839
5.2039	394.7418
5.2074	394.0807
5.2114	394.0177
5.2168	394.3329
5.2219	394.6621
5.2259	394.1947
5.2304	394.3446
5.2353	394.5182
5.2393	394.2824
5.2451	394.9708
5.2491	394.4454
5.2528	394.0706
5.2574	394.2425
5.263	394.8023
5.2673	394.5763
5.2716	394.4274
5.2767	394.7151
5.2807	394.4328
5.2858	394.7925
5.2912	394.9934
5.2947	394.3466
5.2989	394.2089
5.3041	394.6561
5.3094	394.9254
5.3131	394.5385
5.3178	394.6689
5.3228	394.8531
5.3267	394.5238
5.3323	395.0952
5.3366	394.7935
5.3403	394.304
5.345	394.4847
5.3502	394.9538
5.3549	394.8846
5.359	394.752
5.364	394.9734
5.3684	394.8175
5.3731	394.9456
5.3786	395.2307
5.3821	394.6498
5.3862	394.462
5.3911	394.8818
5.3963	395.1004
5.4003	394.8189
5.4049	394.8926
5.4097	395.0386
5.4139	394.8578
5.4196	395.4513
5.4239	395.0414
5.4276	394.6801
5.4322	394.8409
5.4373	395.1628
5.4421	395.1017
5.4461	394.9488
5.4511	395.1842
5.4554	395.0175
5.4599	395.068
5.4658	395.6647
5.4694	394.9411
5.4736	394.8569
5.4786	395.0887
5.4837	395.5334
5.4878	395.0393
5.4922	395.1024
5.4976	395.5637
5.5017	395.1164
5.5068	395.5493
5.5115	395.3855
5.5152	394.9409
5.5198	395.0097
5.525	395.5106
5.5297	395.4306
5.5337	395.0595
5.5385	395.4626
5.5432	395.4278
5.548	395.5248
5.5533	395.7935
5.5571	395.1174
5.561	394.9546
5.566	395.4049
5.5711	395.7548
5.5751	395.2291
5.5794	395.1902
5.5848	395.7621
5.5891	395.5366
5.5945	395.8618
5.599	395.683
5.6026	395.1012
5.6071	395.2499
5.6121	395.6802
5.6168	395.6974
5.6206	395.3159
5.6256	395.6297
5.6307	395.8315
5.6355	395.96
5.6407	396.1418
5.6445	395.5091
5.6484	395.1763
5.6533	395.6429
5.6585	396.0083
5.6624	395.5786
5.6665	395.4353
5.672	395.9853
5.6763	395.788
5.6819	396.3671
5.6861	395.8886
5.6898	395.4644
5.6941	395.4432
5.6994	395.9278
5.7043	396.0012
5.7084	395.6952
5.7128	395.6823
5.7179	396.0189
5.7223	395.9578
5.7275	396.3239
5.7311	395.7321
5.735	395.5357
5.7398	395.7282
5.7452	396.3571
5.7491	395.8658
5.7535	395.7344
5.7591	396.3741
5.7633	396.0796
5.7685	396.4361
5.7733	396.256
5.7767	395.7001
5.781	395.7416
5.786	396.1111
5.791	396.3481
5.7949	395.9946
5.7996	396.0051
5.8046	396.3483
5.8091	396.2163
5.8146	396.491
5.8184	396.1022
5.8225	395.7903
5.8273	396.0531
5.8324	396.4288
5.8367	396.2339
5.841	396.0997
5.8462	396.4485
5.8504	396.2859
5.8554	396.457
5.8603	396.4406
5.8639	395.9728
5.8682	395.9783
5.8733	396.3857
5.8784	396.4472
5.8826	396.2601
5.8872	396.3248
5.8922	396.4469
5.8965	396.3849
5.9021	396.6143
5.9058	396.3428
5.9099	396.0252
5.9144	396.3199
5.9199	396.4586
5.924	396.4218
5.9284	396.3328
5.9337	396.4896
5.9378	396.4333
5.9433	396.5802
5.948	396.558
5.9518	396.2891
5.9562	396.2527
5.9611	396.4464
5.9663	396.5002
5.9701	396.416
5.9746	396.4308
5.9798	396.5159
5.984	396.4467
5.9898	396.8571
5.9935	396.4352
5.9975	396.248
6.0022	396.3914
6.0076	396.547
6.0118	396.4588
6.016	396.4371
6.0211	396.5535
6.0255	396.4581
6.0305	396.6447
6.0356	396.7696
6.0392	396.4224
6.0435	396.3803
6.0487	396.4879
6.0536	396.6718
6.0578	396.4548
6.0622	396.4556
6.0673	396.6753
6.0715	396.4964
6.0773	397.1147
6.0811	396.4998
6.0851	396.4274
6.0897	396.4508
6.095	396.7247
6.0996	396.5528
6.1037	396.4825
6.1087	396.7017
6.1132	396.5428
6.1183	396.8576
6.1237	397.0083
6.1273	396.4625
6.1313	396.4451
6.1365	396.6202
6.1417	396.915
6.1455	396.5371
6.1504	396.6324
6.1553	396.7605
6.1593	396.5273
6.1653	397.3875
6.1694	396.6807
6.1731	396.4479
6.1776	396.5023
6.1831	396.9803
6.1875	396.7384
6.1917	396.5864
6.1967	396.84
6.2011	396.6003
6.2061	396.8793
6.2114	397.2632
6.215	396.5099
6.2191	396.4654
6.224	396.7437
6.2291	397.0046
6.2332	396.654
6.2377	396.7494
6.2427	396.9333
6.2471	396.6777
6.2527	397.5751
6.2569	396.8835
6.2607	396.4861
6.2653	396.6171
6.2706	397.0582
6.275	396.9242
6.2792	396.7769
6.2843	397.1159
6.2886	396.8427
6.2933	396.9737
6.299	397.6743
6.3025	396.7108
6.3064	396.5941
6.3117	396.9083
6.3167	397.3926
6.3208	396.8312
6.3254	396.9165
6.3305	397.2618
6.3344	396.8173
6.3404	397.7761
6.3446	397.1249
6.3481	396.6394
6.3527	396.7943
6.3579	397.3545
6.3626	397.1395
6.3668	396.8939
6.3718	397.3215
6.3763	396.9919
6.3807	397.0468
6.3866	397.8043
6.3898	396.8438
6.3939	396.7033
6.3989	397.0333
6.4042	397.6996
6.408	397.0353
6.4126	397.1171
6.418	397.6369
6.4221	397.1803
6.4271	397.654
6.4318	397.4853
6.4356	396.8586
6.44	396.972
6.4454	397.5977
6.4501	397.5215
6.4543	397.1027
6.4592	397.6056
6.4638	397.5182
6.4685	397.5809
6.4738	398.0454
6.4774	397.1437
6.4814	396.8767
6.4865	397.4198
6.492	397.8775
6.496	397.1962
6.5001	397.1203
6.5057	397.8625
6.5099	397.5377
6.5151	398.0306
6.5196	397.6787
6.5231	396.9458
6.5276	397.1121
6.5328	397.7066
6.5376	397.6617
6.5415	397.0911
6.5464	397.5256
6.5515	397.8514
6.5563	398.0152
6.5614	398.2554
6.5652	397.371
6.5691	396.9887
6.574	397.5545
6.5793	398.0458
6.5832	397.451
6.5874	397.2613
6.5927	398.04
6.5972	397.7678
6.6028	398.5429
6.6071	397.8883
6.6109	397.247
6.6153	397.1746
6.6205	397.856
6.6255	398.0055
6.6294	397.5858
6.6339	397.574
6.639	398.0385
6.6435	397.9837
6.6487	398.5011
6.6527	397.6539
6.6568	397.3323
6.6614	397.5727
6.6671	398.366
6.6712	397.7779
6.6756	397.5732
6.6808	398.369
6.685	397.9602
6.6904	398.6308
6.6949	398.1632
6.6986	397.4689
6.7031	397.5246
6.7084	398.022
6.7134	398.234
6.7172	397.7861
6.7219	397.8092
6.7268	398.1847
6.7313	398.0094
6.7372	398.9673
6.741	397.8786
6.745	397.5531
6.7499	397.8727
6.7551	398.4069
6.7594	397.9754
6.7636	397.8428
6.7689	398.5551
6.7734	398.1104
6.7787	398.6423
6.7836	398.6039
6.7875	397.7345
6.7919	397.7281
6.797	398.1869
6.8021	398.5352
6.806	397.9875
6.8107	398.0645
6.8159	398.5309
6.8203	398.2233
6.8262	399.1821
6.83	398.0794
6.8343	397.6942
6.8392	398.0239
6.8443	398.5972
6.8487	398.1591
6.853	397.968
6.8584	398.6548
6.8626	398.0782
6.868	398.8513
6.8731	398.7501
6.8767	397.7952
6.8811	397.766
6.8861	398.2678
6.8912	398.5963
6.8954	397.9975
6.8998	398.0609
6.9052	398.6374
6.9096	398.2986
6.9157	399.2458
6.9195	398.2625
6.9236	397.7816
6.9282	398.0098
6.9336	398.6439
6.938	398.3347
6.9424	398.1566
6.9477	398.7679
6.9521	398.3423
6.9574	398.9485
6.9627	399.054
6.9664	398.0063
6.9705	397.8149
6.9757	398.4292
6.9811	398.9365
6.9852	398.2488
6.9897	398.2317
6.9953	398.8253
6.9994	398.4448
7.0056	399.2758
7.0095	398.4719
7.0133	397.92
7.018	398.0352
7.0236	398.9875
7.0281	398.5261
7.0326	398.2867
7.0377	398.8049
7.0423	398.4109
7.0475	399.0582
7.0529	399.1703
7.0566	398.1288
7.0608	397.93
7.0661	398.5641
7.0714	399.1321
7.0758	398.3926
7.0804	398.562
7.0857	398.8871
7.0899	398.4131
7.096	399.3501
7.1001	398.7158
7.1042	397.925
7.1088	398.2039
7.1145	399.0858
7.1193	398.7899
7.1237	398.4775
7.1289	398.9804
7.1333	398.4465
7.1383	398.9897
7.1439	399.2309
7.1476	398.1872
7.1519	398.0263
7.1575	398.6501
7.1626	399.1277
7.167	398.4381
7.1718	398.575
7.1767	398.9074
7.181	398.36
7.1868	399.2841
7.1912	398.773
7.1951	397.9808
7.1998	398.2102
7.2052	398.9921
7.2101	398.7793
7.2143	398.4414
7.2195	398.9596
7.224	398.5521
7.229	398.8629
7.2346	399.2631
7.2384	398.3013
7.2428	398.0688
7.2478	398.6487
7.2531	399.1635
7.2574	398.5503
7.262	398.6838
7.2671	399.006
7.2712	398.4169
7.2774	399.2686
7.2818	398.9288
7.2856	398.0837
7.2903	398.3813
7.2959	399.0931
7.3007	398.9583
7.3048	398.5833
7.3099	399.0683
7.3144	398.7625
7.3194	398.7698
7.3251	399.2572
7.3288	398.401
7.333	398.1295
7.3383	398.6299
7.3436	399.1933
7.3475	398.6038
7.3524	398.6768
7.3577	399.158
7.3621	398.7416
7.3672	399.1618
7.372	399.0316
7.3759	398.2326
7.3805	398.424
7.3858	399.066
7.3906	398.9981
7.3948	398.4914
7.4	399.0479
7.4049	398.9653
7.4098	399.0369
7.4153	399.2818
7.4191	398.5931
7.4232	398.2271
7.4282	398.78
7.4336	399.2194
7.4375	398.6025
7.4423	398.537
7.4477	399.2196
7.4525	398.9935
7.4578	399.257
7.4626	399.1306
7.4665	398.3022
7.4711	398.4528
7.4765	399.1374
7.4812	399.0428
7.4853	398.4323
7.4906	398.9718
7.4958	399.1882
7.5009	399.2248
7.5061	399.3028
7.51	398.5553
7.5139	398.1197
7.5193	398.731
7.5247	399.1977
7.5288	398.5674
7.5332	398.3851
7.5388	399.1936
7.5432	399.0128
7.5491	399.3838
7.5534	399.0439
7.5573	398.2354
7.5618	398.2025
7.5673	398.9884
7.5724	399.0748
7.5767	398.5944
7.5813	398.556
7.5868	399.1313
7.5913	399.07
7.597	399.3092
7.6008	398.7548
7.605	398.2783
7.61	398.5826
7.6157	399.2409
7.6202	398.7566
7.6245	398.4126
7.6302	399.2268
7.6345	398.9558
7.6402	399.3023
7.6449	399.091
7.6488	398.2636
7.6532	398.2862
7.6586	398.8726
7.6639	399.1315
7.6682	398.6222
7.6727	398.6393
7.678	399.0128
7.6825	398.7911
7.6885	399.3247
7.6925	398.662
7.6968	398.1856
7.7017	398.5337
7.7072	399.14
7.7115	398.6635
7.716	398.5027
7.7216	399.1895
7.7262	398.7685
7.7314	399.1933
7.7366	399.1392
7.7405	398.2234
7.7451	398.2019
7.7505	398.8697
7.7555	399.0861
7.7598	398.4888
7.7645	398.5942
7.7699	399.0651
7.7747	398.7662
7.7806	399.3146
7.7846	398.5364
7.7886	398.0509
7.7936	398.3799
7.7989	399.0095
7.8036	398.6056
7.8081	398.3239
7.8135	399.0676
7.818	398.4979
7.8236	399.1638
7.8288	399.1202
7.8326	398.1
7.8371	398.0656
7.8425	398.6425
7.8477	398.9608
7.852	398.2537
7.8566	398.3256
7.8622	398.9685
7.8668	398.522
7.8728	399.2801
7.8768	398.422
7.8809	397.9079
7.8858	398.1557
7.8913	398.8456
7.8959	398.4079
7.9006	398.2221
7.906	398.8111
7.9107	398.4019
7.916	398.98
7.9212	399.0211
7.9249	397.9815
7.9295	397.796
7.9346	398.3451
7.9402	398.8608
7.9446	398.2092
7.9494	398.1888
7.9549	398.7147
7.9594	398.3181
7.9655	399.241
7.9695	398.2878
7.9738	397.7507
7.9786	397.8511
7.9843	398.7125
7.9888	398.2122
7.9935	398.0316
7.9987	398.4869
8.0033	398.1384
8.0087	398.6524
8.0141	398.8856
8.0181	397.7672
8.0226	397.5478
8.0279	398.0808
8.0332	398.5005
8.0372	397.8493
8.0423	397.9967
8.0474	398.282
8.0518	397.9094
8.058	399.1229
8.0624	398.0297
8.0663	397.3974
8.0713	397.6873
8.0769	398.3451
8.0818	398.0706
8.086	397.8134
8.0913	398.207
8.0958	397.7908
8.1011	398.201
8.1069	398.6747
8.1107	397.5906
8.1151	397.403
8.1205	397.9283
8.126	398.3604
8.1301	397.6913
8.1351	397.8005
8.1406	398.0763
8.1448	397.6428
8.151	398.6764
8.1556	397.9082
8.1597	397.1393
8.1646	397.4326
8.1701	398.0074
8.175	397.7888
8.1795	397.5188
8.1852	397.9107
8.1898	397.5865
8.195	397.7947
8.2008	398.2682
8.2047	397.1364
8.209	396.9005
8.214	397.4098
8.2197	397.8672
8.224	397.3443
8.229	397.3879
8.2344	397.6906
8.2387	397.0936
8.2448	397.9949
8.2493	397.4454
8.2533	396.7838
8.2581	396.9285
8.2637	397.5158
8.2686	397.4422
8.273	397.0284
8.2784	397.4817
8.2831	397.2254
8.288	397.2226
8.2939	397.8617
8.298	396.8739
8.3024	396.6865
8.3077	397.0022
8.3134	397.6163
8.3176	396.8958
8.3226	396.9462
8.328	397.4664
8.3324	396.9345
8.338	397.3971
8.3428	397.0823
8.3471	396.5729
8.3519	396.6472
8.3575	396.9607
8.3627	396.9904
8.367	396.6992
8.3726	397.0678
8.3774	396.8815
8.3825	396.9109
8.3881	397.283
8.3924	396.5426
8.3966	396.4589
8.4021	396.6375
8.4076	396.9363
8.4121	396.5171
8.4164	396.502
8.4224	396.8715
8.4271	396.6226
8.4327	396.9481
8.4376	396.6853
8.4418	396.4363
8.4466	396.4452
8.452	396.5988
8.4571	396.5639
8.4612	396.4488
8.4667	396.5029
8.4721	396.6727
8.4774	396.7018
8.4829	396.767
8.4872	396.4106
8.4913	396.2135
8.4966	396.4346
8.5021	396.5395
8.5065	396.4035
8.5108	396.3147
8.5168	396.5081
8.5215	396.4536
8.5277	396.7416
8.5324	396.4378
8.5365	396.041
8.541	395.9634
8.5466	396.4234
8.5519	396.4349
8.5562	396.2157
8.561	396.1805
8.5667	396.4237
8.5715	396.3912
8.5772	396.4598
8.5815	396.0831
8.586	395.7679
8.591	395.9544
8.597	396.4436
8.6013	395.966
8.606	395.7542
8.6117	396.3432
8.6162	396.0092
8.6221	396.3964
8.6271	396.0435
8.6313	395.4814
8.6357	395.4819
8.6411	395.8002
8.6467	396.0202
8.6512	395.673
8.6561	395.6845
8.6616	395.8437
8.6661	395.681
8.6724	396.2526
8.6766	395.4968
8.681	395.0764
8.6862	395.3523
8.6919	395.7436
8.6966	395.4274
8.7015	395.2088
8.7072	395.728
8.7116	395.3134
8.7175	395.6716
8.7227	395.4687
8.727	394.8762
8.7316	394.8567
8.7371	395.0962
8.7426	395.2585
8.7468	394.9269
8.7516	394.9557
8.7572	395.1492
8.7621	394.9694
8.7684	395.5124
8.7726	394.7513
8.7769	394.3984
8.7819	394.6411
8.7875	394.9529
8.7922	394.7484
8.7968	394.5405
8.8024	394.9443
8.8071	394.5407
8.8128	394.925
8.8183	394.8602
8.8223	394.1265
8.8269	394.0961
8.8322	394.407
8.8377	394.6214
8.842	394.1523
8.847	394.1624
8.8528	394.4593
8.8575	394.185
8.8639	394.8274
8.8682	394.084
8.8725	393.7846
8.8776	393.9337
8.883	394.1282
8.8879	394.0128
8.8926	393.8588
8.8982	394.0929
8.903	393.9161
8.9087	394.0919
8.9142	394.0341
8.9182	393.2923
8.9228	393.2453
8.9283	393.5711
8.9339	393.8852
8.9384	393.3481
8.9432	393.3161
8.9488	393.6802
8.9533	393.3241
8.9597	393.9765
8.9642	393.2141
8.9686	392.9122
8.9737	392.9668
8.9797	393.312
8.9843	393.0887
8.9889	392.9732
8.9942	393.162
8.999	392.9554
9.0046	393.1786
9.0104	393.2072
9.0145	392.623
9.0191	392.3419
9.0246	392.774
9.0303	392.9399
9.0348	392.5892
9.0397	392.6431
9.0453	392.7423
9.0497	392.3617
9.0563	392.9975
9.0609	392.2528
9.065	391.8621
9.0701	391.9683
9.0757	392.3599
9.0808	392.0814
9.0857	391.9575
9.091	392.0441
9.0957	391.8496
9.1012	391.9806
9.1071	392.1053
9.1111	391.4859
9.1156	391.3785
9.1209	391.6665
9.1267	391.9205
9.131	391.4465
9.1362	391.4828
9.1417	391.5381
9.1464	391.1965
9.1527	391.7227
9.1576	391.1083
9.1617	390.4397
9.1666	390.5251
9.1721	391.067
9.177	390.7043
9.1818	390.5074
9.1873	390.7565
9.1922	390.4727
9.1975	390.4971
9.2036	390.7397
9.208	389.7162
9.2123	389.424
9.2177	389.9624
9.2235	390.3616
9.2282	389.5582
9.2331	389.5445
9.2387	389.7405
9.2429	389.2333
9.2492	389.9258
9.2542	389.2289
9.2585	388.6281
9.2636	388.7073
9.2691	389.1612
9.2743	389.0056
9.279	388.6603
9.2844	388.8671
9.2893	388.5963
9.2941	388.5608
9.3004	388.8296
9.3045	388.3829
9.3091	388.3426
9.3145	388.4018
9.3202	388.518
9.3244	388.3458
9.3295	388.3356
9.3352	388.3886
9.34	388.2838
9.3455	388.3414
9.3508	388.2294
9.355	387.7513
9.3599	387.8593
9.3652	388.1341
9.3706	388.0499
9.3752	387.4695
9.3806	387.9149
9.3861	387.5235
9.3912	387.3205
9.3971	387.532
9.4017	386.5015
9.4057	386.1453
9.4111	386.6278
9.4169	386.942
9.4213	386.1969
9.426	386.0608
9.4321	386.5537
9.437	386.0114
9.4427	386.2147
9.4481	385.6711
9.4523	384.7552
9.457	384.8069
9.4626	385.1426
9.4679	385.05
9.4724	384.5943
9.4775	384.8041
9.4831	384.8457
9.4886	384.7448
9.4947	384.5048
9.4992	383.8244
9.5036	383.6764
9.5088	383.8509
9.5145	384.0939
9.5191	383.7365
9.5237	383.6538
9.5295	383.9335
9.5345	383.6896
9.541	383.8047
9.5462	383.3498
9.5508	382.8438
9.5553	382.795
9.5607	383.2353
9.5662	383.2095
9.5706	382.7989
9.5756	382.7194
9.5812	382.9325
9.5864	382.6937
9.5927	382.7155
9.5975	381.9459
9.6019	381.4998
9.6069	381.6059
9.6129	382.2099
9.6173	381.3492
9.6219	380.8849
9.628	381.5529
9.6331	380.7691
9.6394	381.0677
9.6445	380.3022
9.6488	379.7648
9.6535	379.8026
9.6586	380.0495
9.6644	380.1171
9.6688	379.7509
9.6741	379.6735
9.6796	379.6412
9.6849	379.3384
9.6913	379.5318
9.6958	378.0681
9.7002	377.7016
9.7053	377.9304
9.7112	378.2734
9.7161	377.6832
9.7209	377.5047
9.7268	377.6959
9.7317	377.2885
9.7374	377.3472
9.7435	376.9796
9.7477	376.4491
9.7526	376.4255
9.7582	376.6431
9.7636	376.5876
9.7682	376.2318
9.7732	376.1955
9.7792	376.2161
9.7842	375.8207
9.7907	375.8799
9.7954	374.9522
9.7999	374.39
9.8049	374.8795
9.8106	375.0623
9.8155	374.4438
9.8203	374.2224
9.8261	374.3562
9.831	373.5836
9.8371	373.7791
9.8435	372.9086
9.8477	371.8625
9.8523	371.8511
9.8574	372.11
9.8632	372.1602
9.8679	371.6707
9.8729	371.6063
9.879	371.6332
9.8838	371.5071
9.8907	371.5479
9.8957	370.6694
9.9	370.104
9.9047	370.3881
9.9102	370.6846
9.9153	370.0371
9.9201	369.7172
9.9259	369.8464
9.9313	369.034
9.9372	369.0731
9.9436	368.3781
9.9478	367.2405
9.9523	367.1801
9.9575	367.6457
9.9634	367.6026
9.9682	367.072
9.9733	366.9482
9.9794	366.9393
9.9845	366.3723
9.9917	366.4987
9.9968	365.4438
10.0011	364.9334
10.0058	365.1645
10.0114	365.5441
10.0167	364.8279
10.0215	364.1548
10.0271	364.1788
10.0324	363.6227
10.0383	363.6236
10.0454	363.4318
10.0498	362.0583
10.0541	361.8652
10.0593	362.5256
10.0654	362.4021
10.0701	361.2864
10.0754	361.1852
10.0811	360.9134
10.086	360.2826
10.0932	360.6127
10.0985	359.4545
10.1029	359.1845
10.1076	359.2759
10.1134	359.4653
10.1191	359.1165
10.1241	358.5956
10.1301	358.5091
10.1353	357.761
10.1409	357.8091
10.148	357.1521
10.1525	355.265
10.1566	355.2087
10.1619	355.5694
10.1685	355.4142
10.1737	354.9975
10.179	354.9602
10.1848	354.7994
10.1896	353.9494
10.1961	354.316
10.2022	352.5488
10.2065	351.9918
10.2113	352.0883
10.2172	352.3325
10.2231	351.5279
10.2283	351.0877
10.2341	351.0575
10.2398	350.5135
10.2452	350.2994
10.2524	349.9737
10.2574	348.9145
10.2614	348.7281
10.2668	349.0208
10.2732	348.8728
10.2787	347.1351
10.2839	346.9009
10.2903	346.7575
10.2952	346.5807
10.302	346.6707
10.3082	344.7525
10.3126	343.9051
10.3171	344.0966
10.3231	344.4631
10.3299	343.3018
10.3353	342.9435
10.3411	342.9115
10.3465	342.1904
10.352	341.6829
10.3589	341.3937
10.3642	340.1265
10.3687	339.6438
10.3742	340.0936
10.3808	339.5616
10.3868	338.6237
10.3922	338.4435
10.3986	338.3438
10.4039	337.0914
10.41	337.0055
10.4167	335.5959
10.4214	334.7364
10.4262	334.7786
10.4323	334.7673
10.4391	334.0761
10.4447	333.3399
10.4504	333.3357
10.4567	332.4511
10.4629	331.7947
10.47	330.936
10.4751	329.9539
10.4793	329.8816
10.4846	329.9745
10.4922	329.2194
10.4988	327.2894
10.5039	327.0315
10.51	327.1515
10.516	326.6172
10.5229	326.3368
10.5304	324.3796
10.5351	323.5193
10.5395	323.879
10.5457	323.9137
10.5536	321.855
10.559	321.534
10.5646	321.5654
10.5721	320.3064
10.5795	318.6298
10.5874	317.6279
10.5924	316.4736
10.5963	316.4673
10.6015	316.7526
10.611	315.3972
10.6201	312.3105
10.625	311.8876
10.6315	311.9384

