-0.0012	-1.1606
-0.0009	-0.8367
0.0007	0.3881
0.0028	1.8948
0.0053	4.1703
0.0073	5.5127
0.009	6.5911
0.0109	8.5548
0.0129	9.8257
0.0149	11.0511
0.0175	13.0996
0.0183	13.8053
0.0198	14.9732
0.0219	16.6467
0.0243	17.9289
0.0256	19.1203
0.0274	20.7682
0.0297	22.1358
0.0313	23.3107
0.0337	25.4199
0.0352	26.2604
0.0362	27.2184
0.0382	28.6112
0.0404	30.1628
0.0423	31.6347
0.0438	32.8389
0.0459	34.0977
0.0476	35.4243
0.0497	37.0757
0.0519	38.4461
0.053	39.4786
0.0545	40.645
0.0567	41.9968
0.0588	43.6661
0.06	44.8727
0.0618	45.9415
0.0642	47.6674
0.0655	48.7348
0.0682	50.395
0.0695	51.6145
0.0708	52.503
0.0724	53.6005
0.0747	55.271
0.0764	56.9094
0.078	57.8101
0.0798	58.9508
0.0817	60.3997
0.0836	61.8263
0.0861	63.8163
0.0869	64.2473
0.0882	65.1796
0.0903	66.4696
0.0928	68.4953
0.0939	69.705
0.0955	70.0917
0.0982	72.1844
0.0991	73.1894
0.1019	74.9808
0.1032	75.7666
0.1042	76.518
0.1059	77.828
0.1085	79.724
0.1102	81.2337
0.1115	81.6608
0.1133	82.8761
0.1153	84.7391
0.1171	86.0345
0.1197	87.5809
0.1205	87.9154
0.1219	89.3218
0.1238	90.4663
0.1263	92.3225
0.1274	93.3108
0.129	94.0072
0.1313	96.0494
0.1326	97.0193
0.1353	98.5253
0.1365	99.7883
0.1376	100.185
0.1392	101.718
0.1416	103.0235
0.1435	104.7295
0.1448	105.6618
0.1466	106.5303
0.1485	108.1507
0.1503	109.3483
0.1528	110.9876
0.1535	111.607
0.1547	112.4977
0.1569	113.922
0.1593	115.664
0.1604	116.5505
0.1622	117.7101
0.1641	118.9121
0.1654	119.8317
0.1679	121.8811
0.1695	122.709
0.1704	123.4376
0.1721	124.456
0.1744	125.9541
0.1761	127.4441
0.1774	128.3353
0.1793	129.7372
0.1811	130.3506
0.1826	131.8189
0.1854	134.027
0.186	134.297
0.1873	135.0244
0.1893	136.2045
0.1915	138.0667
0.1928	138.6958
0.1945	140.2608
0.1965	141.4539
0.1977	141.9029
0.2001	143.9505
0.2018	145.4647
0.2024	146.0388
0.2041	146.5129
0.2064	148.2402
0.2082	149.6527
0.2095	150.3398
0.2112	151.8446
0.213	152.8514
0.2145	153.78
0.2172	155.747
0.2179	156.39
0.2191	157.28
0.2212	158.1922
0.2233	159.8165
0.2246	160.7512
0.2262	162.0573
0.228	163.1621
0.2294	164.0483
0.2316	165.63
0.2335	166.7141
0.2342	167.2926
0.2356	168.4213
0.2379	169.9232
0.2398	171.0046
0.2408	171.8216
0.2428	173.3524
0.2444	174.2375
0.2459	175.2095
0.2487	177.2511
0.2494	177.775
0.2505	178.4119
0.2524	179.6856
0.2548	181.4542
0.2561	182.1481
0.2576	183.0683
0.2597	184.5511
0.2607	185.444
0.2628	186.6203
0.2648	187.9911
0.2656	188.6225
0.267	189.6223
0.2693	190.6986
0.271	192.3573
0.2721	193.0908
0.2737	194.1945
0.2757	195.306
0.2772	196.2581
0.2796	198.042
0.2804	198.5751
0.2814	199.2207
0.2832	200.6499
0.2858	201.9058
0.2867	202.6409
0.2883	203.7671
0.2905	205.3981
0.2917	206.0599
0.2936	207.1478
0.2954	208.5864
0.2963	209.1355
0.2977	210.1146
0.2996	211.4106
0.3018	212.7802
0.3028	213.4155
0.3044	214.3759
0.3065	215.8226
0.3076	216.7896
0.31	218.2911
0.3112	218.7944
0.3119	219.302
0.3137	220.9387
0.3159	222.2236
0.3172	223.0379
0.3186	223.8107
0.3206	225.2678
0.322	226.2339
0.3238	227.4538
0.3258	228.9057
0.3265	229.0903
0.3277	229.9588
0.3299	231.3301
0.3318	232.9428
0.3327	233.4458
0.3344	234.3584
0.3362	235.5123
0.3377	236.7829
0.3399	238.0336
0.3409	238.6889
0.3418	239.4652
0.3436	240.451
0.3456	241.7664
0.3471	242.894
0.3483	243.332
0.35	244.8765
0.3515	245.757
0.3531	246.6889
0.3553	248.3755
0.3559	248.7787
0.3572	249.2546
0.359	250.752
0.3611	251.7821
0.3621	252.7332
0.3635	253.6323
0.3655	254.9723
0.3668	255.682
0.369	257.2855
0.3701	257.7761
0.3711	258.5156
0.3725	259.4407
0.3747	260.9745
0.3761	261.7851
0.3774	262.6381
0.3788	263.5502
0.3805	264.9595
0.3821	265.7232
0.3844	267.1633
0.3847	267.3835
0.3861	268.2015
0.388	269.4541
0.3899	270.7724
0.3907	271.3608
0.392	272.2833
0.3943	273.4578
0.3951	274.3133
0.3976	275.6713
0.3986	276.3494
0.3994	277.0639
0.4008	277.9732
0.403	279.1437
0.4042	280.1806
0.4053	281.1061
0.4069	281.6784
0.4085	283.1372
0.4099	283.964
0.4123	285.2851
0.4127	285.4369
0.4139	286.4528
0.4156	287.3226
0.4175	288.9035
0.4184	289.5154
0.4197	290.0136
0.4219	291.5564
0.4226	292.0816
0.4252	293.4224
0.4259	294.1732
0.4268	294.78
0.4281	295.5109
0.4302	297.0338
0.4315	297.6093
0.4325	298.2905
0.434	299.3415
0.4356	300.4245
0.4372	301.4051
0.4393	302.8135
0.4395	303.144
0.4407	303.4569
0.4424	304.6805
0.4445	305.813
0.4451	306.3893
0.4464	307.4926
0.4486	308.6929
0.4491	309.0258
0.4517	310.7651
0.4525	311.2929
0.4531	311.371
0.4545	312.3824
0.4565	313.6855
0.458	314.514
0.4589	315.2996
0.4604	316.1882
0.4619	316.9924
0.4632	317.7652
0.4653	319.5347
0.4658	319.5666
0.4668	320.0293
0.4685	321.2868
0.4705	322.4677
0.4713	323.0403
0.4727	323.6747
0.4744	325.0087
0.4753	325.323
0.4773	326.904
0.4785	327.5468
0.4791	327.788
0.4803	328.5226
0.4823	329.7134
0.4837	330.7018
0.4847	331.247
0.4862	332.2534
0.4876	333.0493
0.4888	333.6486
0.4913	335.3768
0.4914	335.3876
0.4923	335.8449
0.494	336.9325
0.4959	338.2086
0.4967	338.6716
0.4981	339.3821
0.4997	340.3881
0.5006	340.838
0.5026	342.0767
0.5039	343.1882
0.5043	343.4092
0.5055	344.0231
0.5077	345.0729
0.5089	345.8023
0.5099	346.3998
0.5114	347.2736
0.513	348.3167
0.5139	348.967
0.5162	350.2493
0.5167	350.4228
0.5173	350.9738
0.5191	351.8456
0.521	352.8833
0.5219	353.3183
0.5231	354.2278
0.5247	355.3879
0.5258	355.8956
0.5276	356.7762
0.5289	357.4479
0.5293	357.5186
0.5305	358.1689
0.5325	359.8309
0.5341	360.4818
0.5348	360.933
0.5363	361.7603
0.5378	362.4379
0.5388	363.02
0.5412	364.3914
0.5416	364.6212
0.5423	364.9495
0.5439	365.8731
0.5459	367.1991
0.5469	367.6277
0.5481	368.1749
0.5498	368.8595
0.5508	369.2045
0.5523	370.4478
0.5541	371.4478
0.5544	371.5415
0.5557	372.2054
0.5575	373.1476
0.5592	373.9787
0.5598	374.1812
0.5613	375.028
0.5629	375.981
0.564	376.504
0.5663	377.6665
0.5668	377.8164
0.5674	378.0617
0.569	379.1189
0.5712	380.1945
0.5719	380.3693
0.5732	380.9078
0.575	381.8951
0.5758	382.3706
0.5777	383.3535
0.5793	384.1625
0.5799	384.2236
0.581	384.6891
0.5831	385.7513
0.5847	386.5617
0.5853	386.8823
0.587	387.5473
0.5888	388.5417
0.5898	388.7842
0.5921	389.9664
0.5926	390.0508
0.5936	390.3317
0.595	391.2922
0.597	392.3515
0.5984	392.5878
0.5995	392.9383
0.6015	394.0315
0.6026	394.4412
0.6043	395.1792
0.6061	396.2907
0.6067	396.2672
0.6077	396.6393
0.6097	397.5112
0.6118	398.309
0.6126	398.5479
0.614	399.1859
0.6159	400.1586
0.6172	400.5453
0.6192	401.2419
0.6203	401.4524
0.6211	401.8759
0.6229	402.5569
0.6247	403.6232
0.6261	404.1976
0.6275	404.4444
0.629	404.8116
0.6309	405.3549
0.6324	406.1652
0.6346	407.1388
0.6352	407.0436
0.6364	407.3921
0.6383	408.4825
0.6406	409.0872
0.6415	409.2907
0.643	409.6792
0.6452	410.5793
0.6466	410.9211
0.6487	411.9835
0.65	412.1053
0.6509	412.3145
0.6525	412.7414
0.6548	413.5513
0.6563	414.2544
0.6576	414.5324
0.6592	415.3263
0.6613	415.9182
0.6629	416.2334
0.6654	416.6918
0.666	416.5742
0.6675	416.8808
0.6694	417.8163
0.6716	418.7001
0.673	418.8229
0.6744	419.1785
0.6769	420.6169
0.6781	420.7042
0.6807	421.2868
0.6822	421.3721
0.6831	421.4018
0.685	421.7914
0.6873	422.5807
0.6893	423.1343
0.6906	423.3799
0.6927	424.3138
0.6946	424.6916
0.6965	424.9629
0.699	425.9624
0.7	425.6979
0.7015	426.0716
0.7037	426.8785
0.7063	427.4583
0.7076	427.5199
0.7093	427.8141
0.712	428.5363
0.7134	428.516
0.7163	429.5751
0.7179	429.6771
0.7191	429.6554
0.7211	430.2639
0.7238	431.1204
0.7259	431.6967
0.7274	431.9486
0.7296	432.5261
0.732	432.8606
0.7341	432.9518
0.737	433.5486
0.7381	433.324
0.7398	433.4952
0.7422	434.2883
0.7451	435.1625
0.7467	435.0897
0.7488	435.5701
0.7514	436.5743
0.753	436.5441
0.7563	437.2159
0.7583	437.2797
0.7597	437.1611
0.7618	437.5811
0.7648	438.5205
0.7673	438.7838
0.7691	438.8053
0.7714	439.263
0.7741	439.7819
0.7764	440.2098
0.7797	440.7161
0.7812	440.596
0.7829	440.634
0.7857	441.0698
0.7891	442.2671
0.7907	442.1015
0.7932	442.5346
0.7962	443.059
0.7982	442.9628
0.8015	444.0147
0.804	444.194
0.8057	443.9556
0.808	444.3075
0.8113	444.861
0.8139	444.986
0.816	445.0029
0.819	445.5168
0.8218	445.8324
0.8243	446.1585
0.8283	447.2325
0.8298	446.667
0.8319	446.6461
0.8348	447.4923
0.8383	448.4894
0.8406	448.4412
0.8433	448.6372
0.8464	448.8226
0.8485	448.7799
0.8522	449.3363
0.8553	449.582
0.8571	449.1721
0.8596	449.4935
0.8633	450.5883
0.8661	450.8145
0.8686	450.8071
0.8718	451.0861
0.8749	451.538
0.8774	451.6264
0.8817	452.5719
0.8838	452.0664
0.8862	451.9854
0.8895	452.6208
0.8932	453.0797
0.8956	452.9742
0.8986	453.2169
0.902	453.8282
0.9049	453.8273
0.9085	454.3901
0.912	454.606
0.9142	454.1055
0.9169	454.4664
0.9208	454.9726
0.9244	455.562
0.9269	455.2985
0.9304	455.8113
0.9337	456.1653
0.9368	456.1858
0.941	456.9581
0.9436	456.7306
0.9461	456.5937
0.9497	456.9308
0.9537	457.0355
0.9566	456.9893
0.96	457.0653
0.9637	457.6933
0.9667	457.5645
0.9704	458.178
0.9744	458.6714
0.9768	457.9144
0.9796	458.2155
0.9837	458.8795
0.9877	459.243
0.9906	459.0219
0.994	459.4461
0.9979	459.8114
1.0011	459.8087
1.0056	460.4091
1.0084	460.1025
1.0112	459.8765
1.015	460.2893
1.0194	460.6535
1.0225	460.5581
1.0258	460.59
1.0301	460.9009
1.0333	460.7898
1.0371	461.1992
1.0414	461.5668
1.0441	461.0348
1.0476	461.0974
1.0519	461.9884
1.0559	462.3415
1.0591	462.0271
1.0628	462.2312
1.0669	462.7824
1.0702	462.6732
1.0752	462.9539
1.0786	462.7875
1.0815	462.747
1.0855	462.7989
1.0898	463.2144
1.0936	463.1159
1.0969	463.001
1.1012	463.753
1.1048	463.7212
1.1091	464.0715
1.1136	464.4288
1.1166	463.7856
1.1197	463.75
1.1244	464.4036
1.1288	464.7449
1.1321	464.5144
1.1361	464.6815
1.1404	464.8579
1.1443	464.8286
1.1491	465.0632
1.1525	464.9493
1.1559	464.7966
1.1598	464.9157
1.1645	465.0913
1.1685	465.1377
1.1725	465.0671
1.1763	465.2167
1.1805	465.3755
1.1846	465.5215
1.1896	465.9894
1.1926	465.369
1.1961	465.316
1.2006	465.7358
1.2053	466.2499
1.2089	465.7916
1.2127	465.7809
1.2176	466.7133
1.2214	466.5968
1.2265	466.8506
1.2301	466.6548
1.2334	466.2829
1.2374	466.5259
1.2421	466.8513
1.2465	466.872
1.2502	466.7923
1.2544	467.0469
1.2589	467.3885
1.2631	467.5538
1.2682	468.1018
1.2713	467.0781
1.2751	466.9878
1.2792	467.7054
1.2841	468.1384
1.2879	467.933
1.2918	467.9091
1.2969	468.4595
1.3005	468.116
1.3057	468.6322
1.3096	468.4414
1.3131	468.0989
1.3172	468.2594
1.322	468.5939
1.3266	468.621
1.3302	468.493
1.3346	468.639
1.3393	468.7582
1.3434	468.8432
1.3488	469.0464
1.3521	468.6466
1.3557	468.6146
1.3603	468.8477
1.3654	469.0552
1.3691	468.9547
1.373	468.9184
1.3784	469.2248
1.3819	469.002
1.3875	469.5589
1.3915	469.1531
1.3949	468.9899
1.399	469.0063
1.4041	469.489
1.4085	469.4382
1.4123	469.1801
1.4168	469.364
1.4214	469.6439
1.4259	469.8069
1.4311	470.2616
1.4346	469.5181
1.4385	469.3259
1.4427	469.6614
1.4481	470.2597
1.4517	469.8783
1.4561	469.9237
1.4612	470.5435
1.465	469.9761
1.4704	470.7646
1.4744	470.4695
1.478	469.9308
1.4819	469.977
1.4869	470.6501
1.4918	470.7026
1.4957	470.541
1.5001	470.6406
1.5048	470.7297
1.5093	470.7603
1.5147	471.0332
1.5181	470.6858
1.5218	470.5147
1.5264	470.7717
1.5318	471.0822
1.5356	470.8225
1.5399	470.8373
1.5449	471.1673
1.5486	470.8388
1.5538	471.4059
1.5585	471.3534
1.5619	470.8387
1.5659	470.8524
1.571	471.4418
1.5756	471.4641
1.5795	471.0859
1.5842	471.5154
1.5888	471.5958
1.5932	471.601
1.5988	472.4105
1.602	471.5024
1.6058	471.0075
1.6105	471.6118
1.6158	472.3021
1.6199	471.8394
1.6241	471.8671
1.6291	472.3042
1.6329	471.827
1.6381	472.5384
1.643	472.5284
1.6464	471.8343
1.6503	471.8324
1.6556	472.5428
1.6602	472.5762
1.6643	472.3789
1.6689	472.551
1.6736	472.5811
1.6777	472.5003
1.6837	473.0986
1.6872	472.5563
1.6909	472.2745
1.6956	472.5932
1.7008	472.979
1.7048	472.6706
1.7092	472.692
1.714	472.9741
1.7182	472.7366
1.7231	473.1095
1.7282	473.1537
1.7314	472.6124
1.7356	472.6479
1.7408	473.1316
1.7456	473.2263
1.7496	472.993
1.7541	473.1319
1.759	473.2267
1.7629	473.089
1.7686	473.6954
1.7723	473.1787
1.776	472.9369
1.7806	473.1906
1.7859	473.5713
1.7903	473.3597
1.7945	473.3279
1.7994	473.6044
1.8034	473.3932
1.8083	473.6603
1.8135	473.9457
1.8169	473.3195
1.821	473.3315
1.8261	473.7423
1.831	473.9971
1.835	473.6046
1.8394	473.7605
1.8443	474.0006
1.8485	473.8216
1.8542	474.822
1.8578	473.8853
1.8616	473.5306
1.8662	473.8451
1.8717	474.7296
1.8757	474.1129
1.88	474.0435
1.8851	474.7176
1.8892	474.3511
1.8941	474.8063
1.8993	474.9043
1.9028	474.1904
1.9068	474.0482
1.912	474.8784
1.9169	474.9473
1.9207	474.6921
1.9252	474.8401
1.9303	474.9418
1.9342	474.8445
1.9401	475.2257
1.944	474.9197
1.9476	474.6257
1.9522	474.8569
1.9572	475.0661
1.9618	475.0108
1.9658	474.9276
1.9708	475.1443
1.9752	475.041
1.98	475.1776
1.9853	475.7138
1.9889	474.9888
1.993	474.9241
1.998	475.2289
2.003	475.7489
2.0069	475.1157
2.0115	475.2086
2.0163	475.7335
2.0206	475.485
2.026	475.9894
2.0303	475.61
2.0338	475.1061
2.0386	475.3237
2.0436	475.858
2.0481	475.8566
2.0521	475.7021
2.0568	475.8573
2.0614	475.8937
2.0661	475.9533
2.0716	476.3214
2.075	475.7762
2.0791	475.6905
2.0839	475.9467
2.089	476.2451
2.0929	475.9686
2.0971	475.9303
2.1024	476.3629
2.1068	476.2323
2.112	476.5253
2.1162	476.2358
2.1199	475.9267
2.1244	476.0116
2.1294	476.4235
2.1341	476.4031
2.1382	476.2875
2.1427	476.4029
2.1477	476.5096
2.1519	476.5241
2.1576	476.7411
2.161	476.3387
2.1649	476.257
2.1698	476.4562
2.1749	476.6794
2.1788	476.5067
2.1829	476.4222
2.1882	476.7549
2.1923	476.567
2.1975	476.8372
2.202	476.7101
2.2058	476.4911
2.21	476.5511
2.2152	476.7704
2.2196	476.7763
2.2236	476.6598
2.2282	476.7625
2.2331	476.8222
2.2378	476.8687
2.2433	477.2281
2.2467	476.7242
2.2505	476.6809
2.2553	476.7844
2.2606	477.0963
2.2645	476.8418
2.2685	476.8129
2.2739	477.312
2.278	476.8635
2.2836	477.6311
2.2879	477.1784
2.2915	476.8244
2.2957	476.8462
2.3012	477.4568
2.3057	477.3596
2.3097	477.0167
2.3141	477.1753
2.3192	477.4521
2.3237	477.5658
2.3289	478.1768
2.3327	477.2334
2.3368	477.0167
2.3412	477.3159
2.3466	478.0076
2.3505	477.4179
2.3549	477.4912
2.3601	478.1655
2.364	477.5722
2.3697	478.6716
2.3741	478.0668
2.3775	477.4271
2.3818	477.4618
2.3869	478.1512
2.3916	478.3473
2.3957	477.8548
2.4004	478.0565
2.405	478.3094
2.4096	478.4571
2.4152	478.8651
2.4187	478.1489
2.4225	477.707
2.4272	478.2344
2.4326	478.8623
2.4367	478.533
2.4409	478.5155
2.4459	478.8692
2.45	478.5734
2.4554	478.9272
2.46	478.9055
2.4636	478.4729
2.468	478.4694
2.473	478.9009
2.4778	478.8884
2.4819	478.8045
2.4865	478.8767
2.4911	478.8872
2.4956	478.8853
2.5014	479.6404
2.5048	478.8501
2.5084	478.6857
2.5133	478.8831
2.5185	479.282
2.5227	478.9143
2.527	478.9311
2.5319	479.2058
2.536	478.9072
2.5414	479.6496
2.546	479.5547
2.5495	478.8863
2.5536	478.8958
2.5588	479.5821
2.5637	479.6468
2.5677	479.1913
2.5723	479.3924
2.5772	479.5927
2.581	479.3
2.5871	480.4393
2.5906	479.4378
2.5944	478.9993
2.5992	479.4782
2.6044	480.1702
2.6084	479.7298
2.6128	479.7275
2.6179	480.1535
2.6218	479.8422
2.6269	480.338
2.6318	480.4229
2.6352	479.4797
2.6396	479.5208
2.6446	480.3566
2.6495	480.4673
2.6535	480.0971
2.6582	480.2966
2.663	480.4261
2.6669	480.1979
2.6728	480.9203
2.6763	480.3209
2.6802	479.8932
2.6848	480.2978
2.69	480.752
2.6941	480.4963
2.6985	480.4276
2.7035	480.789
2.7075	480.5339
2.7124	480.7828
2.7175	480.9427
2.7209	480.389
2.7251	480.3757
2.7301	480.8415
2.7349	480.9427
2.7389	480.6764
2.7435	480.826
2.7482	480.9398
2.7525	480.8456
2.758	481.088
2.7619	480.9026
2.7653	480.5714
2.77	480.8555
2.7755	481.0772
2.7795	480.9491
2.7838	480.9295
2.7888	481.0628
2.7929	480.9888
2.7975	481.0702
2.8028	481.1252
2.8062	480.9341
2.8102	480.8871
2.8153	481.0869
2.8204	481.1453
2.8242	481.0326
2.8286	481.0565
2.8337	481.1323
2.8376	481.0624
2.8432	481.3904
2.8471	481.107
2.8508	480.992
2.8551	481.0636
2.8604	481.1981
2.8648	481.145
2.8687	481.0985
2.8735	481.2391
2.8779	481.1753
2.8826	481.2793
2.8878	481.478
2.8913	481.1063
2.8952	481.0832
2.9001	481.2168
2.9052	481.4842
2.909	481.1687
2.9132	481.2251
2.9183	481.4917
2.9224	481.3461
2.9276	481.715
2.9317	481.4053
2.9356	481.18
2.9397	481.2369
2.9448	481.571
2.9492	481.5723
2.9534	481.3841
2.958	481.5195
2.9625	481.575
2.967	481.6339
2.9722	482.0699
2.9757	481.4454
2.9795	481.3232
2.9843	481.6148
2.9893	481.8758
2.9931	481.6205
2.9973	481.5965
3.0025	482.1182
3.0068	481.8614
3.0119	482.5786
3.016	481.9195
3.0197	481.5906
3.024	481.624
3.029	482.1457
3.0334	482.1216
3.0374	481.8545
3.0419	482.115
3.0466	482.3694
3.0509	482.3281
3.0564	482.765
3.0597	481.9312
3.0637	481.7931
3.0684	482.2224
3.0734	482.6806
3.0773	482.2883
3.0814	482.0997
3.0866	482.7813
3.0906	482.4724
3.0958	482.9054
3.1	482.7069
3.1035	482.1732
3.1079	482.3391
3.1128	482.7871
3.1173	482.7725
3.121	482.5983
3.1258	482.7354
3.1304	482.8085
3.1348	482.8341
3.1404	483.404
3.1435	482.6971
3.1476	482.6243
3.1522	482.8024
3.1573	483.1983
3.1612	482.8362
3.1653	482.786
3.1705	483.3556
3.1741	482.8456
3.1798	483.8285
3.184	483.1554
3.1875	482.7816
3.1918	482.787
3.1969	483.3563
3.2015	483.2915
3.2054	482.9613
3.2097	483.116
3.2145	483.4234
3.2191	483.5753
3.2244	484.2987
3.2278	483.1579
3.2316	482.9478
3.2362	483.2124
3.2414	484.1287
3.2453	483.3314
3.2495	483.4238
3.2547	484.2296
3.2585	483.448
3.264	484.4368
3.2683	484.145
3.272	483.3235
3.2759	483.3596
3.2811	484.2621
3.2858	484.2839
3.2897	483.8811
3.2941	484.0126
3.299	484.3027
3.3033	484.3436
3.3089	484.6424
3.3124	484.1172
3.3161	483.6188
3.3209	484.1532
3.3264	484.616
3.3303	484.3101
3.3344	484.2829
3.3393	484.6011
3.3432	484.3073
3.3485	484.6681
3.3532	484.6244
3.3565	484.1541
3.3608	484.15
3.3658	484.6071
3.3704	484.6122
3.3744	484.479
3.379	484.5823
3.3837	484.5964
3.3878	484.5662
3.3938	484.9912
3.3971	484.5624
3.4005	484.3269
3.4054	484.5895
3.4107	484.7805
3.4145	484.63
3.4188	484.6317
3.4237	484.7233
3.4276	484.6082
3.4329	484.9232
3.4376	484.894
3.441	484.5825
3.4453	484.5819
3.4502	484.8577
3.4548	484.8457
3.4588	484.6819
3.4633	484.7667
3.468	484.8474
3.472	484.7241
3.4779	485.5001
3.4815	484.8006
3.485	484.6418
3.4898	484.7825
3.495	485.326
3.499	484.9106
3.5034	484.9217
3.5081	485.2915
3.5123	484.9547
3.5173	485.3804
3.5223	485.4403
3.5255	484.7498
3.5295	484.7514
3.5348	485.3537
3.5395	485.4378
3.5433	485.1111
3.548	485.3305
3.5525	485.3865
3.5565	485.1754
3.5623	485.9117
3.566	485.3283
3.5695	484.9153
3.5742	485.2909
3.5795	485.6818
3.5835	485.4594
3.5877	485.4167
3.5927	485.6971
3.5969	485.4659
3.6015	485.6833
3.6067	486.042
3.6101	485.3655
3.6141	485.3434
3.6193	485.7455
3.6242	486.0097
3.6277	485.5529
3.6325	485.6913
3.6372	485.8983
3.6414	485.6713
3.6469	486.4508
3.6507	485.7665
3.6543	485.432
3.6588	485.6706
3.6643	486.3384
3.6681	485.8674
3.6724	485.7992
3.6773	486.2126
3.6813	485.949
3.6862	486.257
3.6913	486.5124
3.6947	485.786
3.6985	485.6339
3.7037	486.2495
3.7086	486.5287
3.7123	486.048
3.7167	486.1496
3.7216	486.4911
3.7257	486.1808
3.7314	486.8986
3.7351	486.4312
3.7387	485.89
3.7432	486.098
3.7481	486.6939
3.7527	486.5646
3.7566	486.3315
3.7615	486.7623
3.7659	486.5981
3.7706	486.7406
3.7756	486.9036
3.7791	486.4272
3.783	486.2191
3.7879	486.7478
3.793	486.9005
3.7966	486.6142
3.8011	486.6958
3.8063	486.906
3.8105	486.8533
3.8157	486.9479
3.8197	486.865
3.8232	486.5541
3.8277	486.6949
3.8326	486.9065
3.8371	486.903
3.8412	486.8419
3.8457	486.8958
3.8504	486.9086
3.855	486.92
3.8604	487.1606
3.8636	486.8715
3.8676	486.8035
3.8724	486.91
3.8774	487.0335
3.8816	486.9128
3.8857	486.899
3.8908	487.133
3.8951	486.9901
3.9004	487.3638
3.9044	487.0206
3.9081	486.9007
3.9124	486.9059
3.9174	487.0982
3.9221	487.1057
3.9262	486.9473
3.9306	487.0285
3.9354	487.206
3.94	487.1826
3.9453	487.6473
3.9486	486.9708
3.9524	486.925
3.9573	487.0728
3.9622	487.3588
3.9661	487.0975
3.9703	486.9951
3.9755	487.6052
3.9797	487.1782
3.985	487.8027
3.989	487.4361
3.9929	487.0109
3.9969	487.1072
4.0022	487.5585
4.0067	487.5497
4.0104	487.2079
4.0151	487.4353
4.0198	487.608
4.0243	487.6243
4.0296	488.1695
4.033	487.3516
4.037	487.2112
4.0416	487.4711
4.0469	487.9319
4.051	487.5739
4.0548	487.4333
4.0602	488.0376
4.0639	487.6018
4.0696	488.4259
4.0737	487.9042
4.0772	487.4785
4.0814	487.4783
4.0866	488.0127
4.0911	487.9974
4.0951	487.6974
4.0995	487.8126
4.1044	488.0285
4.109	488.1994
4.1144	488.6362
4.1177	487.8103
4.1217	487.6499
4.1261	487.8409
4.1315	488.5106
4.1353	487.947
4.1396	487.962
4.1449	488.5573
4.1486	487.9577
4.1539	488.6489
4.1584	488.5293
4.1619	487.879
4.166	487.8832
4.1712	488.5203
4.176	488.5836
4.1799	488.2252
4.1842	488.3376
4.1892	488.5743
4.1935	488.5907
4.1988	488.8547
4.2023	488.437
4.2061	488.0309
4.2108	488.4383
4.2164	488.8074
4.2202	488.5645
4.2245	488.5561
4.2296	488.782
4.2334	488.579
4.239	488.9045
4.2434	488.8106
4.2469	488.4481
4.251	488.4145
4.2563	488.7855
4.2609	488.8081
4.2649	488.6609
4.2696	488.7393
4.2742	488.7723
4.2783	488.7317
4.2841	489.301
4.2877	488.7209
4.2914	488.5237
4.2962	488.7224
4.3015	489.0581
4.3054	488.787
4.3099	488.7649
4.3148	488.9698
4.3186	488.7412
4.3239	489.206
4.3286	489.1438
4.3321	488.7126
4.3362	488.6962
4.3414	489.0206
4.3461	489.062
4.3502	488.8717
4.3548	488.9943
4.3594	489.0868
4.3634	488.9207
4.3692	489.7559
4.3729	489.0023
4.3768	488.7581
4.3815	488.9702
4.3867	489.435
4.3908	489.0736
4.3951	489.0743
4.4001	489.355
4.4042	489.1018
4.4092	489.4588
4.4142	489.6064
4.4175	488.9089
4.4216	488.9131
4.427	489.4477
4.4318	489.5422
4.4356	489.1765
4.4402	489.2765
4.445	489.4604
4.4491	489.219
4.455	490.0456
4.4586	489.3925
4.4622	489.0185
4.4671	489.3028
4.4722	489.763
4.4764	489.5284
4.4807	489.4039
4.4857	489.8074
4.4899	489.5041
4.4947	489.7866
4.4998	490.0015
4.5031	489.2991
4.5074	489.2613
4.5125	489.7721
4.5176	490.0323
4.5216	489.701
4.5263	489.834
4.531	489.9468
4.535	489.8065
4.5408	490.4423
4.5447	489.8361
4.5484	489.4282
4.5531	489.7748
4.5586	490.2925
4.5627	489.8723
4.567	489.8353
4.572	490.1707
4.5763	489.92
4.581	490.217
4.5863	490.5206
4.5899	489.804
4.5939	489.693
4.5993	490.2578
4.6041	490.4311
4.608	489.9525
4.6126	490.0302
4.6176	490.366
4.6215	490.0091
4.6274	491.0206
4.6314	490.1968
4.635	489.8042
4.6395	489.9176
4.6446	490.4569
4.6493	490.408
4.6534	490.1533
4.6585	490.6629
4.6629	490.3974
4.6678	490.6679
4.6731	491.0197
4.6766	490.2228
4.6807	489.98
4.6857	490.5359
4.6907	490.9547
4.6946	490.3899
4.6991	490.5262
4.7044	490.9598
4.7088	490.7958
4.7143	491.2063
4.7183	490.8349
4.7222	490.2797
4.7267	490.4437
4.7317	490.976
4.7364	490.9454
4.7406	490.6987
4.7453	490.8859
4.7502	490.9893
4.7546	491.0176
4.7602	491.3922
4.7636	490.6428
4.7676	490.4128
4.7727	490.9092
4.7779	491.1784
4.7818	490.9339
4.7861	490.8369
4.7915	491.3356
4.7957	491.0882
4.8013	491.6653
4.8053	491.1322
4.8091	490.7849
4.8135	490.8013
4.8187	491.2174
4.8233	491.2141
4.8276	491.0295
4.8322	491.1138
4.8372	491.3359
4.8416	491.312
4.8473	491.9119
4.8507	491.0507
4.8548	490.9722
4.8595	491.1723
4.8647	491.6084
4.8687	491.1926
4.8731	491.075
4.8786	491.7645
4.8826	491.2802
4.888	491.961
4.8923	491.524
4.896	491.0291
4.9005	491.0928
4.9055	491.5999
4.9102	491.6154
4.9143	491.2095
4.9188	491.451
4.9237	491.6497
4.9283	491.6461
4.9339	492.2328
4.9373	491.3728
4.9414	491.1975
4.946	491.5034
4.9514	492.0588
4.9554	491.5764
4.9595	491.417
4.9651	492.1211
4.9689	491.573
4.9745	492.3555
4.9787	491.9418
4.9823	491.3849
4.9866	491.3839
4.9919	492.0564
4.9965	491.998
5.0006	491.6653
5.0052	491.771
5.0103	492.0804
5.0146	492.1551
5.0203	492.5393
5.0239	491.8289
5.0277	491.5639
5.0324	491.8382
5.038	492.4598
5.0417	491.9749
5.0463	491.983
5.0516	492.4287
5.0553	492.0088
5.0608	492.5457
5.0654	492.3786
5.0691	491.8675
5.0733	491.8553
5.0787	492.3686
5.0835	492.4371
5.0875	492.1702
5.092	492.2215
5.0968	492.3847
5.1015	492.3897
5.1068	492.6957
5.1106	492.2556
5.1145	491.962
5.1194	492.2855
5.1248	492.6402
5.1288	492.322
5.1333	492.3042
5.1386	492.6402
5.1424	492.3262
5.1479	492.7087
5.1525	492.6391
5.156	492.2255
5.1604	492.1841
5.1657	492.6006
5.1705	492.6566
5.1747	492.4615
5.1794	492.5953
5.1841	492.6078
5.1886	492.5734
5.1946	492.776
5.1981	492.5364
5.2018	492.244
5.2068	492.5281
5.2122	492.7404
5.2163	492.6121
5.2207	492.6089
5.2257	492.7178
5.2296	492.5294
5.2351	492.7463
5.2402	492.7502
5.2436	492.483
5.248	492.4468
5.2534	492.7396
5.2581	492.7341
5.2622	492.6358
5.267	492.703
5.2718	492.7321
5.2758	492.6637
5.2819	492.8135
5.2856	492.688
5.2893	492.4922
5.2943	492.6729
5.2994	492.7614
5.3038	492.7093
5.3079	492.704
5.3132	492.7529
5.3172	492.7195
5.3221	492.7664
5.3272	492.7849
5.3311	492.6117
5.335	492.5979
5.3404	492.7599
5.3453	492.7785
5.3494	492.7332
5.3541	492.7533
5.3588	492.7631
5.3631	492.7342
5.369	492.9177
5.3727	492.7469
5.3766	492.6588
5.3813	492.7413
5.3868	492.8137
5.3909	492.7615
5.3953	492.7525
5.4004	492.8053
5.4044	492.7596
5.4095	492.805
5.4148	492.9203
5.4183	492.7387
5.4225	492.7319
5.4277	492.7942
5.4327	492.8488
5.4365	492.7583
5.4413	492.7808
5.4462	492.8353
5.4505	492.7838
5.4563	493.137
5.4601	492.7863
5.4638	492.7383
5.4686	492.766
5.4739	492.9397
5.4781	492.8044
5.4824	492.7927
5.4876	492.9317
5.4918	492.8146
5.4967	492.8743
5.5019	493.0747
5.5056	492.7802
5.5097	492.7596
5.515	492.8978
5.5201	493.0531
5.524	492.8162
5.5286	492.8401
5.5334	493.012
5.5376	492.836
5.5434	493.4517
5.5474	492.9321
5.5511	492.7755
5.5557	492.8135
5.5612	493.0999
5.5656	492.9744
5.5699	492.8558
5.5749	493.121
5.5793	492.9613
5.5843	493.1372
5.5895	493.4338
5.5931	492.871
5.5971	492.8022
5.6021	493.0118
5.6072	493.3145
5.6114	492.9198
5.6159	492.9815
5.6211	493.2463
5.6254	493.0896
5.631	493.5763
5.6351	493.144
5.6389	492.8621
5.6432	492.9058
5.6483	493.2205
5.6531	493.233
5.6571	493.0282
5.662	493.1763
5.6668	493.3271
5.6716	493.3537
5.6771	493.8149
5.6807	493.0549
5.6847	492.9319
5.6896	493.1737
5.6949	493.5394
5.699	493.2101
5.7032	493.0759
5.7087	493.6157
5.7131	493.4251
5.7181	493.8464
5.7224	493.429
5.7263	493.0251
5.7306	493.0768
5.7361	493.5737
5.7409	493.5323
5.745	493.3249
5.7498	493.4316
5.7548	493.6134
5.7592	493.5643
5.7649	494.3271
5.7682	493.3362
5.7724	493.1566
5.7775	493.4669
5.7826	493.8309
5.7868	493.4445
5.791	493.303
5.7965	494.1015
5.8006	493.5108
5.8061	494.324
5.8104	493.8067
5.8141	493.2676
5.8187	493.3645
5.8241	493.8742
5.8286	493.8854
5.833	493.5014
5.8378	493.7826
5.8425	493.929
5.8472	493.9789
5.8527	494.6399
5.8564	493.5599
5.8605	493.3943
5.8652	493.6115
5.8707	494.3365
5.8748	493.6811
5.879	493.5364
5.8844	494.3856
5.8881	493.6123
5.8941	494.674
5.8984	494.1918
5.9023	493.4985
5.9067	493.5152
5.9121	494.2903
5.9167	494.1774
5.9207	493.693
5.9253	493.9018
5.9304	494.2387
5.9352	494.374
5.9406	494.9079
5.9443	493.8768
5.9484	493.5589
5.953	493.874
5.9584	494.6719
5.9626	494.0353
5.967	493.9834
5.9724	494.6423
5.9763	494.0992
5.9821	494.9086
5.9865	494.5521
5.9903	493.8148
5.9946	493.843
5.9999	494.5904
6.0049	494.6423
6.009	494.2382
6.0134	494.3018
6.0187	494.5697
6.0231	494.5762
6.0286	494.9714
6.0323	494.2774
6.0362	493.7814
6.0412	494.2955
6.0466	494.9133
6.0506	494.3417
6.0548	494.3267
6.0604	494.8708
6.0643	494.3428
6.0697	494.964
6.0746	494.8732
6.0782	494.1485
6.0824	494.1047
6.0878	494.7957
6.0925	494.7701
6.0966	494.395
6.1015	494.6133
6.1062	494.7021
6.1105	494.6346
6.1166	495.1287
6.1202	494.5518
6.124	494.0748
6.1288	494.4865
6.1342	494.9724
6.1384	494.6797
6.1427	494.6338
6.1476	494.9384
6.1518	494.4937
6.1573	495.0213
6.1622	494.9951
6.1656	494.3747
6.17	494.3324
6.1753	494.9566
6.1802	494.9621
6.1842	494.7497
6.1891	494.8916
6.1938	494.9472
6.1982	494.7815
6.204	495.2921
6.2077	494.8718
6.2115	494.3653
6.2163	494.8004
6.2219	495.05
6.2261	494.9082
6.2303	494.9127
6.2355	495.0029
6.2397	494.9091
6.2451	495.0699
6.2499	495.1085
6.2533	494.5848
6.2574	494.5392
6.2628	495.0219
6.2678	495.0656
6.2719	494.9236
6.2766	494.9806
6.2815	495.0097
6.2856	494.9377
6.2915	495.4451
6.2954	494.9669
6.2992	494.6465
6.3038	494.93
6.3092	495.1453
6.3135	494.9871
6.3178	494.9675
6.323	495.0811
6.3272	494.983
6.3323	495.1102
6.3375	495.3567
6.3409	494.9287
6.3453	494.9005
6.3506	495.0744
6.3555	495.2751
6.3594	494.9821
6.3644	495.0284
6.3692	495.1365
6.3735	495.0291
6.3792	495.7485
6.3829	495.0504
6.3866	494.8574
6.3913	494.9841
6.3969	495.411
6.4012	495.0725
6.4056	495.009
6.4108	495.3146
6.415	495.0799
6.42	495.2235
6.4252	495.5507
6.4287	494.9831
6.4328	494.9569
6.4382	495.2374
6.4432	495.4489
6.4471	495.036
6.4517	495.1092
6.4568	495.3528
6.461	495.1116
6.4669	496.0676
6.4709	495.2556
6.4747	494.9751
6.4795	495.0519
6.4847	495.4579
6.4893	495.3447
6.4933	495.1459
6.4986	495.5396
6.5029	495.321
6.5079	495.5651
6.5134	496.0202
6.517	495.1071
6.521	494.988
6.5262	495.297
6.5315	495.8448
6.5353	495.209
6.5401	495.2852
6.5452	495.6976
6.5494	495.4246
6.5548	496.1345
6.5591	495.5532
6.5632	495.0905
6.5677	495.1831
6.5729	495.6596
6.5778	495.6095
6.5819	495.2944
6.5867	495.4624
6.5915	495.5714
6.5964	495.6732
6.6019	496.2679
6.6054	495.2716
6.6095	495.1274
6.6146	495.4188
6.6199	495.993
6.6239	495.3517
6.6281	495.2804
6.6335	496.0608
6.6382	495.7716
6.6437	496.3194
6.6478	495.7859
6.6519	495.2092
6.6564	495.2145
6.6617	495.9604
6.6663	495.8838
6.6705	495.526
6.6753	495.7316
6.6802	495.9935
6.6849	495.8817
6.6907	496.5048
6.6942	495.5009
6.6986	495.3141
6.7036	495.6444
6.7088	496.1921
6.7131	495.7181
6.7174	495.5002
6.7229	496.3044
6.727	495.7611
6.7326	496.442
6.737	496.143
6.7409	495.4093
6.7455	495.4713
6.7509	496.1397
6.7556	496.0966
6.7597	495.6147
6.7647	495.909
6.7697	496.1223
6.7743	496.168
6.7802	496.6572
6.7838	495.7265
6.7878	495.4492
6.7927	495.7701
6.7982	496.3751
6.8023	495.9545
6.8068	495.6871
6.8124	496.4731
6.8163	495.869
6.8224	496.668
6.8268	496.28
6.8307	495.579
6.835	495.5652
6.8403	496.3031
6.8453	496.2524
6.8494	495.8953
6.8542	496.0132
6.8591	496.2368
6.864	496.2639
6.8698	496.7611
6.8735	495.9717
6.8774	495.5811
6.8823	495.9043
6.8881	496.5879
6.892	495.9659
6.8966	495.9575
6.902	496.4872
6.906	495.9969
6.9119	496.6741
6.9165	496.45
6.9201	495.7919
6.9245	495.712
6.93	496.3946
6.9351	496.4436
6.9392	496.0521
6.9439	496.1395
6.9491	496.3549
6.9538	496.356
6.9594	496.7906
6.9632	496.1638
6.967	495.6654
6.9721	496.1247
6.9778	496.6978
6.982	496.2047
6.9866	496.1661
6.9918	496.6147
6.996	496.1336
7.0015	496.713
7.0063	496.6213
7.01	495.9571
7.0145	495.8733
7.02	496.524
7.0251	496.5366
7.0292	496.2061
7.0341	496.4102
7.0389	496.4535
7.0436	496.3833
7.0497	496.9777
7.0532	496.2658
7.0573	495.7597
7.0622	496.182
7.068	496.7024
7.0721	496.3311
7.0766	496.2379
7.0817	496.5582
7.0859	496.0826
7.0911	496.656
7.0963	496.7048
7.0999	495.9813
7.1043	495.8976
7.1099	496.5606
7.1146	496.5897
7.1188	496.2125
7.1237	496.4024
7.1285	496.5041
7.1329	496.2514
7.1389	496.9352
7.1427	496.3723
7.1468	495.8768
7.1517	496.2449
7.1571	496.7251
7.1614	496.4198
7.166	496.3889
7.171	496.6791
7.1754	496.4181
7.1808	496.761
7.1859	496.783
7.1894	496.0735
7.1939	496.0123
7.1993	496.6223
7.2043	496.72
7.2084	496.3662
7.2133	496.5616
7.2181	496.6093
7.2222	496.3538
7.2282	496.95
7.2324	496.5261
7.2361	496.0293
7.2411	496.3898
7.2465	496.7776
7.251	496.5603
7.2555	496.479
7.2609	496.7336
7.265	496.5113
7.2699	496.6955
7.2754	496.8898
7.279	496.2607
7.2834	496.1984
7.2886	496.6519
7.294	496.7954
7.2979	496.4748
7.3028	496.5883
7.3079	496.7099
7.3124	496.5786
7.3182	497.0195
7.3221	496.5801
7.3259	496.0999
7.3309	496.4116
7.3363	496.8389
7.3405	496.5963
7.345	496.5155
7.3502	496.774
7.3546	496.5998
7.3599	496.7604
7.3651	496.9072
7.3688	496.4213
7.3729	496.2081
7.3785	496.7175
7.3836	496.8565
7.3876	496.5231
7.3925	496.5967
7.3973	496.7751
7.4017	496.5974
7.4076	497.0731
7.4116	496.6944
7.4156	496.2371
7.4204	496.4721
7.4256	496.7985
7.4302	496.6785
7.4346	496.5006
7.44	496.7716
7.4443	496.6662
7.4494	496.7903
7.4547	497.0002
7.4583	496.5059
7.4625	496.2475
7.4678	496.6675
7.473	496.8961
7.4772	496.5872
7.4819	496.6488
7.4873	496.8319
7.4915	496.7145
7.4971	497.051
7.5014	496.769
7.5053	496.4332
7.5099	496.5145
7.5153	496.8373
7.5202	496.7978
7.5246	496.6611
7.5294	496.7253
7.5343	496.8049
7.539	496.8018
7.5447	497.1
7.5484	496.5775
7.5526	496.4261
7.5577	496.6948
7.5632	496.9261
7.5673	496.6715
7.5718	496.5865
7.5773	496.9519
7.5818	496.8282
7.5872	497.0816
7.5915	496.7992
7.5954	496.4389
7.6002	496.481
7.6056	496.8388
7.6103	496.8154
7.6146	496.6577
7.6195	496.7443
7.6245	496.8492
7.6291	496.818
7.635	497.1815
7.6384	496.6406
7.6429	496.4977
7.6478	496.6774
7.6534	496.926
7.6576	496.6901
7.662	496.5957
7.6676	497.0031
7.6717	496.722
7.6774	497.0607
7.6818	496.8793
7.6859	496.5227
7.6905	496.5527
7.6958	496.8571
7.7006	496.851
7.7047	496.6205
7.7095	496.7643
7.7147	496.8397
7.7196	496.8535
7.7255	497.2225
7.7291	496.6525
7.7335	496.4978
7.7383	496.6898
7.7439	497.0181
7.7479	496.7283
7.7523	496.6079
7.758	497.012
7.7621	496.6686
7.7682	497.197
7.7725	496.8744
7.7765	496.5392
7.7808	496.5476
7.7863	496.9174
7.7912	496.8561
7.7955	496.6461
7.8002	496.6921
7.8053	496.862
7.8103	496.8961
7.8162	497.2828
7.8197	496.7017
7.8238	496.5131
7.8288	496.6438
7.8344	497.0212
7.8386	496.7018
7.8431	496.6772
7.8488	497.0225
7.853	496.7352
7.859	497.1922
7.8635	496.9527
7.8672	496.5779
7.8718	496.5628
7.8772	496.9159
7.8822	496.9457
7.8865	496.7273
7.8912	496.7316
7.8965	496.8787
7.9013	496.8654
7.9071	497.2328
7.9107	496.7185
7.9149	496.4347
7.9199	496.6796
7.9255	497.0542
7.9298	496.7146
7.9344	496.6803
7.9399	496.9727
7.944	496.6583
7.9496	497.0717
7.9544	496.9802
7.9583	496.5563
7.9627	496.4927
7.9684	496.9099
7.9733	496.8649
7.9775	496.6606
7.9825	496.7517
7.9876	496.8348
7.9922	496.7781
7.9984	497.341
8.0021	496.7529
8.006	496.4114
8.0112	496.6995
8.0168	497.0435
8.0214	496.7959
8.0258	496.7585
8.0312	496.9443
8.0352	496.6471
8.0411	497.0685
8.0463	497.0469
8.0498	496.5721
8.0544	496.4866
8.0602	496.9161
8.0652	496.9349
8.0693	496.7105
8.0744	496.7964
8.0793	496.8558
8.0836	496.6953
8.0901	497.2869
8.0941	496.7612
8.0979	496.382
8.1031	496.6837
8.1088	497.0134
8.1132	496.7446
8.1176	496.716
8.123	496.9091
8.1274	496.7003
8.1329	496.952
8.1382	497.0282
8.1417	496.4534
8.1462	496.3948
8.152	496.8772
8.157	496.9368
8.1613	496.6722
8.1664	496.7751
8.1716	496.8649
8.1759	496.6791
8.182	497.219
8.1861	496.7428
8.1901	496.3655
8.195	496.6263
8.2006	496.9233
8.2052	496.7712
8.21	496.681
8.2153	496.8755
8.2198	496.684
8.2249	496.8303
8.2307	497.0286
8.2342	496.4763
8.2387	496.4313
8.244	496.7805
8.2494	496.9027
8.2535	496.6129
8.2585	496.7097
8.2638	496.8077
8.2682	496.6746
8.2743	497.1245
8.2784	496.6706
8.2823	496.2422
8.2873	496.5146
8.2932	496.9201
8.2974	496.6551
8.302	496.5662
8.3075	496.8284
8.3119	496.6452
8.3171	496.7923
8.3225	496.957
8.3263	496.4651
8.3307	496.2461
8.3363	496.7507
8.3416	496.8792
8.3459	496.5575
8.3507	496.6181
8.3559	496.7959
8.3603	496.6025
8.3664	497.1082
8.3706	496.7099
8.3746	496.2453
8.3796	496.4071
8.3852	496.7632
8.3898	496.6508
8.3943	496.4401
8.3996	496.7471
8.4043	496.6235
8.4093	496.7289
8.4149	496.9234
8.4186	496.379
8.423	496.1404
8.4283	496.5753
8.4338	496.8085
8.4379	496.4038
8.4428	496.4912
8.448	496.7231
8.4526	496.5964
8.4583	496.9072
8.4627	496.5939
8.4668	496.1859
8.4714	496.2576
8.4771	496.6724
8.4819	496.6461
8.4863	496.4146
8.491	496.5246
8.4962	496.6167
8.5012	496.6243
8.5071	496.9395
8.5109	496.3206
8.5153	496.1285
8.5204	496.3821
8.5257	496.6945
8.5301	496.3861
8.5345	496.2582
8.5403	496.7568
8.5451	496.6139
8.5505	496.8848
8.5552	496.5656
8.5593	496.1102
8.564	496.1224
8.5697	496.6
8.5743	496.5522
8.5787	496.314
8.5839	496.4696
8.5891	496.5905
8.5939	496.5254
8.5998	496.8688
8.6035	496.2102
8.6079	496.029
8.613	496.2867
8.6185	496.6327
8.6231	496.2268
8.6274	496.1136
8.6332	496.6419
8.6376	496.2345
8.6434	496.7521
8.648	496.4653
8.6521	495.9142
8.6567	495.9361
8.6624	496.4364
8.6672	496.3876
8.6715	496.0789
8.6765	496.2552
8.6817	496.3773
8.6864	496.4067
8.6927	496.8326
8.6963	496.0623
8.7008	495.748
8.7057	496.0237
8.7113	496.5205
8.7157	496.084
8.7202	495.9067
8.7261	496.5826
8.7302	495.9983
8.7362	496.7252
8.7408	496.3073
8.7447	495.5606
8.7494	495.5628
8.7551	496.276
8.7599	496.2276
8.7645	495.8209
8.7694	495.877
8.7743	496.1436
8.7793	496.1636
8.7853	496.6747
8.7891	495.8457
8.7935	495.4062
8.7984	495.6922
8.8043	496.3374
8.8085	495.7519
8.8131	495.652
8.8188	496.3058
8.823	495.7032
8.8289	496.5158
8.8338	496.1648
8.8376	495.3437
8.8424	495.3078
8.8478	496.0023
8.853	496.1012
8.8572	495.5906
8.8621	495.6396
8.8674	495.9643
8.8723	495.9797
8.8783	496.5106
8.8823	495.5694
8.8863	495.1546
8.8918	495.4302
8.8976	496.2333
8.9017	495.5032
8.9063	495.4001
8.912	496.0179
8.9163	495.3447
8.9221	496.1128
8.9271	495.9284
8.9309	495.1402
8.9356	495.0945
8.9413	495.6809
8.9463	495.6663
8.951	495.249
8.9558	495.4055
8.9611	495.4574
8.9656	495.3575
8.972	496.3255
8.9758	495.2148
8.9796	494.9728
8.9849	495.1143
8.9907	495.675
8.9951	495.2073
8.9999	495.1473
9.0054	495.4297
9.0096	495.0425
9.0156	495.6325
9.0206	495.652
9.0246	494.9871
9.0291	494.9682
9.0348	495.3163
9.0399	495.3326
9.0443	495.0278
9.0496	495.1209
9.0547	495.1746
9.0592	495.0021
9.0658	495.9618
9.0697	495.0314
9.0738	494.8396
9.0789	494.9787
9.0846	495.2975
9.0892	494.9956
9.0941	494.9865
9.0994	495.1356
9.1039	494.9663
9.1093	495.13
9.1148	495.1726
9.1185	494.6777
9.123	494.5735
9.1289	494.9994
9.1345	495.0339
9.1385	494.8625
9.1437	494.9454
9.1487	494.9563
9.1531	494.768
9.1593	495.2172
9.1634	494.8385
9.1677	494.2656
9.1728	494.5906
9.1787	494.9708
9.1832	494.724
9.1878	494.618
9.1933	494.9144
9.1979	494.5967
9.203	494.8411
9.2089	494.9652
9.2126	494.2076
9.2172	494.1037
9.2228	494.6023
9.2282	494.8494
9.2326	494.2699
9.2376	494.3988
9.2431	494.5871
9.2477	494.3027
9.2538	494.9445
9.2581	494.2184
9.2621	493.5224
9.2673	493.8156
9.2731	494.597
9.2776	494.0287
9.2823	493.7828
9.2881	494.2814
9.2926	493.7558
9.2981	494.0573
9.3034	494.3523
9.3076	493.4229
9.312	493.2006
9.3176	493.6939
9.323	494.0312
9.3272	493.4046
9.3323	493.4387
9.3377	493.6449
9.3423	493.3184
9.3486	494.2259
9.3528	493.4044
9.3569	492.9366
9.3618	493.0561
9.3676	493.428
9.3725	493.2527
9.3771	493.0456
9.3828	493.3719
9.3876	493.1065
9.3928	493.205
9.3985	493.4566
9.4024	492.8721
9.407	492.788
9.4125	492.9262
9.4182	493.1093
9.4224	492.8081
9.4276	492.8283
9.4331	492.9614
9.4379	492.8574
9.4438	493.1307
9.4483	492.8007
9.4526	492.7389
9.4574	492.7371
9.4632	492.7872
9.4684	492.7729
9.473	492.7448
9.478	492.7568
9.4833	492.7588
9.4883	492.7564
9.4945	492.8166
9.4984	492.6424
9.503	492.507
9.5084	492.6283
9.5139	492.7317
9.5183	492.5856
9.523	492.4553
9.529	492.7043
9.5337	492.5795
9.5396	492.7173
9.5441	492.5023
9.5484	492.1146
9.5534	492.0394
9.559	492.4242
9.5641	492.3134
9.5687	492.0302
9.5736	492.0475
9.5791	492.2054
9.5839	492.0622
9.5903	492.4574
9.5942	491.6192
9.5988	491.3038
9.6041	491.5266
9.6097	491.794
9.6143	491.3824
9.6191	491.1848
9.6251	491.7446
9.6297	491.177
9.6358	491.7095
9.6403	491.2105
9.6446	490.6767
9.6495	490.6482
9.6552	491.0213
9.6605	490.9628
9.6651	490.4677
9.6703	490.6458
9.6756	490.531
9.6807	490.3977
9.687	490.9861
9.691	489.9093
9.6954	489.7108
9.7007	489.8024
9.7068	490.1618
9.7112	489.6923
9.7158	489.384
9.7218	489.8656
9.7263	489.3017
9.7326	489.9565
9.7373	489.4546
9.7416	488.9342
9.7466	488.8497
9.7524	489.1835
9.7576	489.0586
9.762	488.783
9.7671	488.7677
9.7727	488.8513
9.778	488.8108
9.7844	489.0536
9.7884	488.467
9.7932	488.0125
9.7984	488.1129
9.8046	488.599
9.8088	487.8914
9.8138	487.7585
9.8198	488.2251
9.8242	487.5841
9.8305	487.9558
9.8355	487.5697
9.84	486.9572
9.8449	486.9173
9.8505	487.133
9.856	487.0657
9.8608	486.9028
9.8659	486.8961
9.8715	486.9044
9.8768	486.8819
9.8829	486.9162
9.8872	486.3213
9.8916	485.7703
9.897	485.9735
9.9033	486.3835
9.9079	485.7138
9.913	485.5189
9.919	485.7773
9.9236	485.2736
9.9298	485.5804
9.9352	485.265
9.9394	484.651
9.9442	484.5852
9.9504	484.7034
9.956	484.6488
9.9608	484.4325
9.9664	484.4051
9.9718	484.2681
9.9767	483.8484
9.9836	484.4995
9.9882	483.0487
9.9924	482.6673
9.998	482.7589
10.0042	482.8984
10.009	482.4633
10.0141	482.0428
10.0201	482.2248
10.0246	481.5749
10.0309	481.8091
10.0369	481.6075
10.0411	481.0906
10.046	481.0317
10.0521	481.1208
10.0575	481.0702
10.0625	480.8795
10.0681	480.8204
10.0738	480.6423
10.0789	480.1841
10.0859	480.6709
10.0904	479.3699
10.095	478.8527
10.1006	478.8824
10.1067	479.011
10.1116	478.6998
10.1171	478.2049
10.123	478.2551
10.1282	477.4273
10.1342	477.5302
10.1404	477.1531
10.1447	476.5621
10.1498	476.3716
10.1562	476.5718
10.1621	476.4337
10.1671	475.8797
10.1727	475.7882
10.1784	475.4824
10.1837	474.9613
10.1906	475.138
10.1955	474.3216
10.2004	473.447
10.2059	473.4667
10.2124	473.5592
10.2175	473.1123
10.2229	472.7776
10.2289	472.7301
10.2343	472.2392
10.2402	472.0584
10.247	471.7648
10.2517	470.7259
10.2567	470.3985
10.2629	470.5849
10.269	470.3026
10.2741	469.4532
10.2801	469.1722
10.2863	469.0161
10.2916	468.6676
10.2985	468.7342
10.3037	467.9619
10.3086	466.7589
10.3144	466.7587
10.3213	466.8298
10.3266	465.9043
10.3322	465.3528
10.3386	465.2227
10.3443	464.8859
10.3505	464.7425
10.3574	464.3773
10.3626	462.8543
10.368	462.7211
10.3748	462.6974

