-0.0008	-0.3794
-0.0004	-0.2008
0.0016	1.2025
0.0042	3.0591
0.0062	4.8749
0.0091	6.3464
0.0112	7.9838
0.0121	8.9919
0.014	10.4239
0.0167	11.8936
0.0188	13.6698
0.0204	14.5924
0.0225	16.3147
0.0246	17.6727
0.0266	18.6998
0.0293	21.0188
0.0303	21.9155
0.0317	22.5906
0.0342	24.1914
0.0368	26.3427
0.0381	27.009
0.0399	28.4382
0.0423	30.1247
0.0437	30.9613
0.0463	32.935
0.0481	34.4037
0.0492	34.9781
0.0511	36.2684
0.0537	38.4022
0.0557	39.4586
0.0571	40.7834
0.0594	42.2139
0.0612	43.4496
0.0632	44.5972
0.0659	46.8907
0.0667	47.2761
0.0686	48.5503
0.0705	50.1065
0.0731	51.6569
0.0745	52.7833
0.0763	54.1392
0.0786	55.2835
0.0802	56.601
0.0824	58.6245
0.0843	59.4396
0.0853	60.2857
0.087	61.5505
0.0894	63.1381
0.0916	65.0167
0.0928	65.6717
0.0949	66.7884
0.0968	68.4068
0.0986	69.7633
0.1012	71.2184
0.1023	71.7807
0.1037	72.9442
0.1058	74.6171
0.1082	76.425
0.1095	77.038
0.1113	78.3703
0.1135	79.7971
0.1148	81.2177
0.1174	82.8601
0.1193	83.5779
0.1203	84.6701
0.1219	85.76
0.1242	87.5126
0.1262	88.891
0.1275	89.5046
0.1295	91.0349
0.1314	92.4609
0.1331	93.6255
0.1355	95.2178
0.1365	95.7964
0.1379	96.9376
0.14	98.538
0.1421	99.7319
0.1436	100.9631
0.1451	101.869
0.1472	103.6214
0.1489	104.4516
0.1511	106.1732
0.1529	107.2884
0.1539	107.6978
0.1553	109.2039
0.1575	110.609
0.1598	111.9897
0.1609	112.8472
0.1627	113.9836
0.1648	115.5412
0.1662	116.2766
0.1687	118.2874
0.1698	119.0729
0.171	119.7112
0.1727	120.987
0.175	122.6008
0.1765	123.7663
0.1779	124.4793
0.1799	125.9968
0.1815	127.1138
0.1835	128.3471
0.1854	129.8421
0.1864	130.4716
0.1879	131.493
0.1897	132.5762
0.1919	134.2742
0.1931	135.2115
0.1946	136.1276
0.1969	137.5511
0.1983	138.4392
0.2007	140.1178
0.2016	140.7384
0.2028	141.7538
0.2044	142.9514
0.2068	144.1635
0.2079	145.231
0.2095	146.4372
0.2114	147.8667
0.213	148.5307
0.2148	149.7633
0.2168	151.3103
0.2176	151.9406
0.219	152.7331
0.221	154.177
0.223	155.4838
0.2241	156.1445
0.2256	157.1354
0.228	159.0029
0.229	159.7222
0.2314	161.1459
0.2325	161.6815
0.2336	162.7241
0.235	163.9189
0.2374	165.2613
0.2389	166.1806
0.24	167.1272
0.242	168.4136
0.2435	169.4409
0.2454	170.8099
0.2474	172.0039
0.2481	172.4266
0.2492	173.2326
0.2512	174.7486
0.2534	176.2104
0.2542	176.7342
0.2557	177.6089
0.258	179.3464
0.259	179.9884
0.2614	181.5788
0.2623	182.1939
0.2634	182.9186
0.2647	183.8167
0.267	185.3537
0.2684	186.2394
0.2696	187.1898
0.2714	188.3813
0.2727	189.2314
0.2745	190.6094
0.2765	192.0078
0.2773	192.1883
0.2782	192.9454
0.2801	194.3033
0.2824	195.8534
0.2833	196.4455
0.2846	197.4224
0.2867	198.6487
0.2877	199.433
0.2902	201.0203
0.2911	201.7011
0.2919	202.116
0.2934	203.3638
0.2955	204.6046
0.2969	205.5525
0.2979	206.3893
0.2997	207.583
0.3011	208.5042
0.3028	209.6225
0.3049	211.132
0.3054	211.4495
0.3064	212.1925
0.3083	213.27
0.3105	214.7873
0.3111	215.5249
0.3127	216.0869
0.3146	217.5941
0.3155	218.2348
0.3179	219.781
0.3188	220.4449
0.3195	220.9426
0.3213	221.7658
0.3233	223.5057
0.3247	224.3083
0.3257	224.8916
0.3274	226.0149
0.3289	227.0704
0.3303	227.843
0.3325	229.5961
0.3329	229.8769
0.3338	230.2734
0.3357	231.7049
0.3379	233.046
0.3387	233.6024
0.3399	234.3811
0.3419	235.8496
0.3428	236.2996
0.3449	237.8418
0.3461	238.4174
0.3469	239.0265
0.3482	240.0266
0.3503	241.3454
0.3517	242.2783
0.3525	242.8438
0.3543	243.9635
0.3556	245.0264
0.3569	245.9326
0.3592	247.295
0.3596	247.5864
0.3606	248.2424
0.3624	249.1684
0.3644	250.587
0.3652	251.4203
0.3666	252.0365
0.3683	253.394
0.3692	254.1642
0.3713	254.9392
0.3724	256.1939
0.3732	256.4286
0.3743	257.3559
0.3765	258.5023
0.3779	259.7579
0.3787	260.2679
0.3804	261.0786
0.3818	262.3016
0.3829	262.8712
0.3852	264.3799
0.3856	264.4995
0.3864	265.349
0.3882	266.3582
0.3902	267.6472
0.3911	268.3448
0.3922	268.8673
0.394	270.2771
0.395	270.7184
0.3968	272.0172
0.3983	272.6364
0.3987	273.0577
0.4	274.1111
0.4017	275.2476
0.4034	276.4354
0.4041	276.5838
0.4057	277.7775
0.4071	278.598
0.4085	279.3316
0.4104	280.7415
0.4109	281.0093
0.4118	281.7346
0.4134	282.6092
0.4154	284.0113
0.4162	284.607
0.4174	284.8899
0.4191	286.5155
0.4202	287.0799
0.4218	288.0515
0.4233	288.8533
0.4236	289.1208
0.4247	290.0195
0.4264	290.9901
0.4283	292.3447
0.4289	292.8191
0.4302	293.4514
0.4319	294.6272
0.4329	295.2122
0.4349	296.3345
0.4354	296.6234
0.4361	297.0412
0.4375	298.5572
0.4395	299.4223
0.4405	300.0881
0.4415	300.753
0.4432	301.6064
0.4443	302.4568
0.4458	303.4803
0.4474	304.3727
0.4478	304.6139
0.4487	305.1677
0.4506	306.5944
0.4519	307.3061
0.4527	307.6678
0.4539	308.5311
0.4557	309.5594
0.4566	310.5023
0.4585	311.6559
0.4592	311.8654
0.4598	312.3375
0.461	312.9401
0.4629	314.4358
0.4639	314.9508
0.4648	315.4189
0.4665	316.4926
0.4677	317.1865
0.4691	318.185
0.4703	318.8461
0.4708	319.1424
0.4718	319.7689
0.4735	320.7718
0.475	321.6883
0.4756	322.4219
0.4768	322.9593
0.4786	324.0338
0.4795	324.4427
0.4813	325.5855
0.482	325.9148
0.4826	326.5752
0.4839	327.2841
0.4858	328.3781
0.4866	328.8404
0.4876	329.4448
0.4891	330.618
0.4904	331.2435
0.4916	331.9028
0.4933	332.8198
0.4935	332.9063
0.4944	333.6095
0.496	334.7426
0.4976	335.7285
0.4981	336.1476
0.4991	336.6299
0.5013	337.742
0.5017	337.991
0.504	339.544
0.5042	339.7487
0.5048	340.0821
0.506	340.6906
0.508	342.0485
0.5088	342.6782
0.5096	343.0253
0.5112	343.9079
0.5121	344.5006
0.5137	345.3067
0.5154	346.4141
0.5156	346.5223
0.5165	347.2115
0.5181	348.2047
0.5197	348.9111
0.5203	349.1266
0.5214	349.8208
0.5234	351.1225
0.5238	351.5259
0.5262	352.8949
0.5268	353.1119
0.5273	353.3322
0.5284	354.1624
0.5302	355.1207
0.5313	355.7785
0.5322	356.233
0.5337	357.0201
0.5347	357.783
0.536	358.7422
0.5379	360.0718
0.5381	360.0557
0.5389	360.3554
0.5405	360.8199
0.5423	362.0872
0.5431	362.5167
0.5442	363.2033
0.5457	364.3292
0.5464	364.6564
0.5488	365.9602
0.5492	366.1802
0.5499	366.3108
0.5509	366.8844
0.553	368.2539
0.5539	368.7608
0.5549	369.1765
0.5562	370.0236
0.5575	370.8784
0.5588	371.6783
0.5607	372.5182
0.561	372.5016
0.5617	372.6876
0.5635	373.7699
0.5653	375.2077
0.5659	375.302
0.567	376.2321
0.5684	376.9712
0.5692	377.1751
0.5716	378.4081
0.5725	378.745
0.5728	378.8781
0.5739	379.7288
0.5758	380.903
0.5772	381.3665
0.5779	381.7465
0.5794	382.7613
0.5806	383.3772
0.5819	384.158
0.584	384.8932
0.5841	384.8622
0.5849	385.2439
0.5866	386.4979
0.5885	387.5285
0.5891	387.8011
0.5904	388.576
0.592	389.1472
0.5926	389.4909
0.5947	390.6977
0.5957	391.114
0.5964	391.2193
0.5975	392.1479
0.5996	393.1758
0.6008	393.4351
0.6016	393.9593
0.6033	394.9543
0.6045	395.7319
0.6057	396.2935
0.6078	397.0357
0.6081	397.0128
0.609	397.4332
0.6106	398.6836
0.6126	399.3882
0.6133	399.7659
0.6146	400.6177
0.6164	401.387
0.6172	401.6143
0.619	402.5896
0.6205	403.1684
0.6209	403.223
0.6222	404.0767
0.6241	405.0092
0.6254	405.2132
0.6263	405.6663
0.6281	406.8671
0.6292	407.3976
0.6305	407.8875
0.6328	409.0756
0.6332	409.0545
0.634	409.2348
0.6357	409.9918
0.6377	411.0414
0.6386	411.1744
0.6401	412.129
0.6419	413.1245
0.6429	413.2745
0.6446	414.0173
0.6462	414.7133
0.6469	414.8203
0.648	415.2371
0.6501	416.321
0.6517	417.0757
0.6525	417.1469
0.6542	417.8299
0.6557	418.5026
0.657	419.3072
0.6591	420.3122
0.6599	420.3709
0.6609	420.6363
0.6626	421.1584
0.6648	421.9
0.6658	422.2927
0.667	423.0281
0.6688	423.6493
0.67	424.2307
0.672	425.2839
0.6735	425.6683
0.6744	425.6799
0.6754	425.9632
0.6778	426.8576
0.6794	427.3171
0.6804	427.5703
0.6821	428.601
0.6839	429.3364
0.6854	429.4705
0.6875	430.6651
0.6883	430.6732
0.6895	430.9625
0.691	431.705
0.6932	432.3962
0.6947	432.6851
0.6959	433.0529
0.6981	433.6093
0.6994	434.1141
0.7014	434.9991
0.7031	435.4933
0.704	435.5073
0.7053	436.0182
0.7077	437.2927
0.7095	437.6582
0.7108	437.669
0.7123	437.7956
0.7147	438.865
0.7162	439.2662
0.7185	440.3875
0.7197	440.4254
0.7209	440.532
0.7228	441.1453
0.7253	441.8368
0.7268	442.1805
0.7282	442.6257
0.7304	443.3992
0.7321	443.5523
0.7343	444.2392
0.7362	444.782
0.7373	444.7344
0.7389	445.1332
0.7411	445.7379
0.7435	446.3007
0.7449	446.5841
0.7467	447.0809
0.7493	447.9696
0.7509	448.1931
0.7535	449.1641
0.755	449.1676
0.7563	449.2715
0.7584	449.5571
0.761	450.0587
0.7628	450.4351
0.7644	450.7904
0.767	451.5442
0.7692	451.7836
0.7713	452.487
0.774	453.4778
0.7751	453.1821
0.7771	453.5753
0.7796	453.8778
0.7823	454.381
0.7836	454.4081
0.7857	454.6431
0.7888	455.7178
0.7904	455.6755
0.7937	456.8496
0.7952	456.7689
0.7969	456.7617
0.7992	457.0906
0.8023	457.8691
0.8042	457.9831
0.8062	458.0775
0.809	458.8296
0.8113	459.1981
0.8141	459.6919
0.817	460.1026
0.8187	459.7913
0.8208	459.9118
0.8237	460.7806
0.8269	461.4989
0.8287	461.3962
0.8311	461.6583
0.8345	462.1202
0.8364	462.0944
0.8402	463.1289
0.8422	462.7682
0.8444	462.6176
0.8468	463.1896
0.8503	464.0803
0.853	464.3095
0.8554	464.4041
0.8583	465.0297
0.8613	465.2806
0.8642	465.5807
0.8679	465.8456
0.8699	465.6554
0.8722	465.6705
0.8752	466.0495
0.879	466.7661
0.8816	466.6389
0.8842	466.9331
0.8878	467.7471
0.8905	467.6321
0.8943	468.2145
0.897	468.0804
0.8994	467.9152
0.9022	468.1839
0.9062	469.1277
0.9092	469.209
0.9119	469.2669
0.9152	469.7038
0.9184	469.8915
0.9217	470.0582
0.9257	470.4021
0.9282	470.1167
0.9308	470.0934
0.9345	470.3813
0.9384	471.2148
0.9411	470.8596
0.9445	471.205
0.9483	471.6914
0.9511	471.4282
0.9555	472.4167
0.9586	472.1129
0.961	471.7963
0.9646	472.0498
0.9687	473.0251
0.9724	473.2178
0.9752	473.116
0.9792	473.4546
0.9827	473.546
0.9864	473.6562
0.9909	474.0247
0.9937	473.719
0.9966	473.6662
1.0007	473.9201
1.005	474.4543
1.0082	474.1381
1.0117	474.3399
1.0159	474.7126
1.0192	474.5804
1.0236	475.4234
1.0274	475.4315
1.0302	474.7221
1.0338	474.9941
1.0384	475.7871
1.0422	475.8761
1.0455	475.7612
1.0496	475.9933
1.0537	476.0494
1.0572	476.0961
1.0624	476.9558
1.0655	476.1641
1.0687	476.0447
1.0727	476.3767
1.0775	477.189
1.081	476.9172
1.0847	477.07
1.0892	477.4268
1.0928	477.2186
1.0973	477.6156
1.1016	477.7024
1.1048	477.3081
1.1085	477.414
1.1132	477.9092
1.1175	478.0133
1.1211	477.8485
1.1253	478.068
1.1295	478.149
1.1331	478.1059
1.1385	478.7668
1.1417	478.3029
1.1453	478.0921
1.1498	478.4974
1.1545	478.8246
1.1584	478.7006
1.1623	478.7199
1.167	479.0082
1.1709	478.8442
1.1756	479.3605
1.1801	479.4118
1.1833	478.8235
1.1872	478.8839
1.1923	479.5367
1.1966	479.7419
1.2002	479.4737
1.2048	479.734
1.2092	479.8384
1.2134	479.8479
1.2185	480.4489
1.2221	479.9449
1.2257	479.5876
1.2303	480.0793
1.2353	480.5943
1.2391	480.3259
1.2432	480.3054
1.248	480.6642
1.2519	480.553
1.2568	480.83
1.2614	481.0268
1.265	480.5278
1.2689	480.497
1.2739	481.0483
1.2786	481.3484
1.2823	480.8668
1.2867	481.1232
1.2915	481.4333
1.2956	481.3758
1.3008	481.7443
1.3048	481.3999
1.3085	481.0577
1.3129	481.3516
1.3181	481.7302
1.3222	481.6214
1.3265	481.5709
1.3309	481.766
1.3353	481.7031
1.3401	481.8705
1.3448	481.9052
1.3484	481.6808
1.3526	481.641
1.3574	481.8755
1.362	481.9603
1.3662	481.8495
1.3703	481.8558
1.3755	481.998
1.3796	481.9527
1.3849	482.2662
1.3888	481.9544
1.3925	481.8764
1.397	481.9159
1.4021	482.1653
1.4063	482.0629
1.4103	482.0028
1.4152	482.3287
1.4196	482.3015
1.4245	482.6801
1.4293	482.6745
1.4331	482.0879
1.4372	482.024
1.442	482.4545
1.4471	482.8275
1.4513	482.528
1.4554	482.4149
1.4606	483.1233
1.4648	482.7654
1.4703	483.4721
1.4743	482.869
1.4782	482.4912
1.4828	482.6859
1.488	483.32
1.4924	483.0382
1.4964	482.8287
1.5012	483.303
1.5059	483.3144
1.5105	483.4308
1.5159	483.7908
1.5196	483.0894
1.5237	482.9465
1.5285	483.4855
1.5336	483.7294
1.5375	483.4077
1.5419	483.2803
1.5473	483.9931
1.5515	483.6122
1.5572	484.2924
1.5612	483.7642
1.5653	483.4065
1.5697	483.5506
1.5749	484.0468
1.5795	483.9216
1.5837	483.7151
1.5886	484.067
1.5931	483.9637
1.598	484.2196
1.6034	484.5762
1.6072	483.828
1.6111	483.6889
1.6162	484.1205
1.6215	484.5699
1.6257	484.1034
1.63	484.0668
1.6353	484.6065
1.6394	484.2082
1.6455	484.8578
1.6496	484.4727
1.6534	484.0301
1.6579	484.0641
1.6633	484.6236
1.6678	484.5241
1.672	484.3448
1.6768	484.5731
1.6817	484.5562
1.6865	484.6501
1.6921	485.1471
1.6959	484.4367
1.6996	484.1919
1.7046	484.5481
1.7098	484.9552
1.7142	484.612
1.7185	484.628
1.7238	484.9726
1.728	484.6244
1.7338	485.3805
1.7381	484.9195
1.7419	484.5801
1.7463	484.5902
1.7517	485.1677
1.7566	485.0956
1.7606	484.7513
1.7653	485.0163
1.7702	485.0748
1.7748	485.188
1.7806	485.8112
1.7843	484.9544
1.7884	484.6536
1.7933	485.0768
1.7991	485.6349
1.8031	485.1704
1.8077	485.2564
1.813	485.5201
1.817	485.172
1.8228	485.9829
1.8274	485.5243
1.8309	484.8757
1.8355	484.9965
1.841	485.6506
1.8458	485.6522
1.8501	485.391
1.8549	485.5494
1.8596	485.5673
1.8645	485.6359
1.8702	486.1623
1.874	485.4688
1.8781	485.2253
1.883	485.5629
1.8886	486.0555
1.8927	485.5986
1.8974	485.6889
1.9026	485.9902
1.9069	485.6591
1.9124	486.1416
1.9173	486.0847
1.9209	485.4521
1.9254	485.5189
1.931	486.1075
1.9359	486.0846
1.9403	485.873
1.9452	486.0529
1.95	486.0781
1.9544	486.0183
1.9605	486.4195
1.9642	485.9297
1.9682	485.5627
1.9734	485.9528
1.979	486.2509
1.9832	486.0676
1.9878	486.0841
1.9931	486.2583
1.9974	486.0622
2.0026	486.2973
2.0078	486.3235
2.0116	485.9279
2.0161	485.9376
2.0214	486.2725
2.0262	486.2894
2.0304	486.1277
2.0356	486.2469
2.0403	486.2612
2.045	486.19
2.0508	486.6198
2.0547	486.2109
2.0588	486.0086
2.0637	486.2148
2.0691	486.4655
2.0736	486.287
2.078	486.2804
2.0833	486.4622
2.0877	486.3119
2.0928	486.5341
2.0979	486.5303
2.1017	486.1714
2.1061	486.1569
2.1115	486.4492
2.1167	486.5727
2.1207	486.3545
2.1257	486.4753
2.1307	486.4918
2.1353	486.4719
2.141	486.7717
2.1451	486.4377
2.149	486.218
2.154	486.4086
2.1596	486.6874
2.1639	486.5146
2.1685	486.4635
2.1738	486.6383
2.178	486.5167
2.1834	486.7123
2.1887	486.8006
2.1925	486.404
2.1965	486.3398
2.202	486.612
2.207	486.7586
2.2113	486.4925
2.2161	486.566
2.2213	486.7636
2.2259	486.6631
2.2315	487.0754
2.2356	486.6245
2.2397	486.421
2.2443	486.5233
2.2498	486.8543
2.2545	486.725
2.259	486.6273
2.264	486.8686
2.2686	486.7471
2.2738	486.9768
2.2791	487.0996
2.2828	486.6088
2.2873	486.5451
2.2925	486.8381
2.2977	487.1457
2.3021	486.7514
2.3067	486.7281
2.3119	487.0932
2.3166	486.8817
2.3222	487.3914
2.3263	486.8708
2.3303	486.6295
2.3352	486.6985
2.3406	487.1126
2.3452	486.9055
2.3495	486.7954
2.3548	487.1017
2.3595	487.0772
2.3649	487.3853
2.3698	487.3696
2.3738	486.7857
2.3781	486.6767
2.3831	486.9996
2.3886	487.3459
2.393	486.966
2.3972	486.8655
2.4028	487.4435
2.4072	487.1428
2.4128	487.5008
2.417	487.1871
2.4212	486.7998
2.4259	486.9107
2.4314	487.408
2.4361	487.2593
2.4403	486.9633
2.4453	487.3521
2.4502	487.3534
2.4549	487.3697
2.4605	487.5888
2.4646	487.0955
2.4689	486.9544
2.474	487.2652
2.4792	487.4844
2.4835	487.202
2.4878	487.0712
2.4934	487.5789
2.4977	487.3306
2.5036	487.863
2.5079	487.4575
2.5122	487.1042
2.5169	487.2106
2.5225	487.5684
2.5271	487.4898
2.5314	487.3749
2.5365	487.5119
2.5416	487.4606
2.5466	487.5784
2.5524	487.9393
2.5562	487.3598
2.5603	487.1331
2.5654	487.4604
2.5708	487.7206
2.575	487.4223
2.5798	487.3978
2.5854	487.7203
2.5897	487.4659
2.5958	488.1372
2.6	487.5725
2.6041	487.3302
2.6085	487.319
2.614	487.6596
2.6188	487.5904
2.6233	487.487
2.6285	487.6237
2.6334	487.6068
2.6384	487.7487
2.6442	488.1748
2.6479	487.4862
2.6524	487.3611
2.6575	487.5385
2.6631	487.9647
2.6671	487.5454
2.6721	487.5191
2.6776	487.9297
2.6819	487.5557
2.6877	488.2731
2.6923	487.8497
2.6963	487.4674
2.7008	487.4713
2.7067	487.9175
2.7116	487.8692
2.7159	487.586
2.721	487.7689
2.7259	487.7527
2.7307	487.8522
2.7367	488.4762
2.7405	487.6304
2.7449	487.4618
2.7498	487.6188
2.7557	488.2274
2.7599	487.6981
2.7647	487.737
2.77	488.0421
2.7743	487.6358
2.7804	488.4213
2.785	488.0329
2.789	487.5015
2.7936	487.5242
2.7996	488.1716
2.8044	488.0869
2.8088	487.7888
2.8139	487.9483
2.8185	487.929
2.8234	487.9507
2.8297	488.6729
2.8336	487.7843
2.8375	487.5147
2.843	487.8729
2.8486	488.3237
2.8527	487.8718
2.8576	487.9105
2.8629	488.1965
2.8672	487.8834
2.8732	488.4201
2.878	488.3245
2.882	487.6093
2.8866	487.6642
2.8922	488.1916
2.8972	488.1538
2.9016	487.8925
2.9067	488.0747
2.9116	488.0768
2.9163	488.0011
2.9222	488.6863
2.9261	487.9029
2.9302	487.5668
2.9354	487.9076
2.9409	488.4405
2.9452	488.0138
2.9501	487.9971
2.9554	488.3503
2.9598	487.9889
2.9653	488.4241
2.9705	488.4765
2.9744	487.8278
2.9789	487.7908
2.9846	488.3664
2.9894	488.4152
2.9939	488.0587
2.999	488.2658
3.0039	488.2645
3.0085	488.0737
3.0146	488.9823
3.0186	488.1265
3.0227	487.7567
3.0277	488.1071
3.0333	488.5147
3.0378	488.1991
3.0426	488.1613
3.0479	488.4604
3.0525	488.2052
3.0576	488.5558
3.0628	488.5756
3.0666	487.9286
3.0712	487.8827
3.0768	488.4352
3.0819	488.5444
3.0862	488.1415
3.0912	488.3462
3.0962	488.3879
3.1008	488.3308
3.1066	488.9988
3.1105	488.2706
3.1147	487.9085
3.1199	488.1549
3.1255	488.6203
3.1301	488.3791
3.1348	488.2722
3.14	488.5599
3.1447	488.3715
3.15	488.6965
3.1553	488.9492
3.1593	488.1768
3.1635	487.9913
3.1691	488.5596
3.1743	488.7911
3.1785	488.3126
3.1835	488.4103
3.1889	488.6745
3.1935	488.5205
3.1993	489.2007
3.2036	488.445
3.2078	488.0407
3.2128	488.284
3.2183	488.8252
3.2228	488.4568
3.2274	488.3454
3.2326	488.6045
3.2374	488.4795
3.2427	488.8513
3.2479	489.0244
3.2519	488.2412
3.2566	488.0657
3.2619	488.5323
3.267	488.7829
3.2717	488.3967
3.276	488.3759
3.2816	488.836
3.2863	488.6181
3.292	489.3133
3.2963	488.5262
3.3005	488.1428
3.3054	488.2367
3.3109	488.795
3.3156	488.5802
3.3202	488.4022
3.3253	488.7118
3.3303	488.682
3.3354	489.024
3.3408	489.1412
3.3447	488.3394
3.3492	488.1655
3.3547	488.6032
3.3599	488.9736
3.3642	488.4734
3.3689	488.2916
3.3748	489.0336
3.3791	488.5878
3.3849	489.3432
3.3893	488.6444
3.3936	488.1881
3.3982	488.3059
3.4037	488.7479
3.4085	488.5995
3.4128	488.3701
3.4181	488.7991
3.423	488.7191
3.4281	488.8077
3.4337	489.3277
3.4375	488.3623
3.442	488.2214
3.4472	488.5407
3.4526	488.986
3.4569	488.4568
3.4615	488.3566
3.4675	489.2466
3.4715	488.4849
3.4773	489.4458
3.4819	488.7538
3.4862	488.248
3.4908	488.3336
3.4965	489.0143
3.5014	488.7384
3.5058	488.4329
3.5108	488.673
3.5157	488.6387
3.5208	488.9334
3.5266	489.466
3.5305	488.4045
3.5349	488.1644
3.5401	488.5269
3.5457	489.0854
3.5498	488.4339
3.5544	488.393
3.5603	489.0664
3.5644	488.4743
3.5705	489.5208
3.5748	488.7039
3.5789	488.1796
3.5836	488.1933
3.5893	488.8075
3.5938	488.6164
3.5984	488.4052
3.6036	488.6777
3.6085	488.6147
3.6135	488.7419
3.6193	489.4546
3.6232	488.4103
3.6276	488.1175
3.6328	488.4765
3.6385	489.12
3.6428	488.476
3.6472	488.3864
3.6529	488.9316
3.6571	488.4652
3.6631	489.3964
3.6678	488.8285
3.672	488.197
3.6764	488.1869
3.682	488.756
3.687	488.7142
3.6914	488.4099
3.6966	488.593
3.7015	488.5786
3.7065	488.6523
3.7126	489.444
3.7164	488.3515
3.7207	488.0065
3.7259	488.3703
3.7316	489.1235
3.7359	488.4002
3.7408	488.4563
3.7464	488.7595
3.7507	488.291
3.7566	489.239
3.7615	488.7924
3.7654	488.0595
3.7702	488.0998
3.7758	488.7482
3.7808	488.6034
3.7854	488.287
3.7906	488.4392
3.7955	488.419
3.8005	488.4611
3.8067	489.3426
3.8105	488.2315
3.8147	487.8933
3.82	488.1741
3.8257	488.6772
3.83	488.2047
3.8349	488.2199
3.8402	488.482
3.8446	488.0908
3.8503	488.6888
3.8553	488.5268
3.8593	487.817
3.8642	487.8365
3.8701	488.4573
3.875	488.357
3.8794	488.0106
3.8846	488.2227
3.8896	488.1931
3.8941	488.0332
3.9005	488.8147
3.9044	487.9906
3.9086	487.611
3.914	487.9535
3.9199	488.4112
3.9244	487.9443
3.9289	487.8916
3.9345	488.2138
3.9389	487.8526
3.9443	488.2113
3.9496	488.2329
3.9536	487.5553
3.9583	487.5119
3.9638	487.9344
3.9691	487.9993
3.9736	487.6853
3.9788	487.8511
3.9838	487.8203
3.9885	487.6219
3.9948	488.3485
3.9988	487.5861
4.0029	487.3884
4.0082	487.5103
4.0138	487.9037
4.0184	487.5687
4.0234	487.5208
4.0289	487.7801
4.0336	487.5124
4.0391	487.7261
4.0446	487.7616
4.0485	487.2991
4.0532	487.1748
4.0589	487.5323
4.0642	487.5499
4.0686	487.2937
4.0737	487.3869
4.0789	487.4297
4.0838	487.3776
4.0899	487.6403
4.0942	487.2386
4.0984	486.7938
4.1038	487.041
4.1095	487.3874
4.1142	487.0907
4.1191	486.9092
4.1248	487.2164
4.1293	486.9194
4.1348	487.1852
4.1402	487.2564
4.1444	486.6203
4.149	486.5114
4.1549	486.8188
4.1604	486.9734
4.1649	486.6013
4.17	486.6562
4.1754	486.7522
4.1801	486.5995
4.1859	486.8872
4.1905	486.5298
4.1951	486.2674
4.2002	486.3385
4.2059	486.5888
4.2109	486.4357
4.2156	486.3065
4.221	486.4264
4.2259	486.3556
4.2316	486.4904
4.237	486.4803
4.2413	486.0994
4.246	485.9314
4.2514	486.1628
4.2569	486.2522
4.2617	486.0205
4.2665	485.9139
4.2724	486.1813
4.2771	486.0016
4.2832	486.2443
4.2879	485.8032
4.2923	485.3683
4.2971	485.3964
4.3029	485.7589
4.3078	485.5468
4.3125	485.3163
4.318	485.5302
4.3232	485.4069
4.3287	485.5379
4.3343	485.5363
4.3384	484.7213
4.3432	484.6016
4.3485	484.8005
4.3541	485.0975
4.3588	484.6251
4.3636	484.5053
4.3696	484.8783
4.3744	484.6069
4.3804	484.9895
4.3852	484.5107
4.3895	484.0351
4.3946	484.0081
4.4004	484.4088
4.4055	484.151
4.4101	483.8134
4.4158	484.1187
4.4208	483.972
4.426	483.9198
4.432	484.155
4.4361	483.3296
4.4411	482.9526
4.4463	483.2802
4.4521	483.6006
4.4567	482.8807
4.4613	482.6694
4.4678	483.4309
4.4718	482.6194
4.4783	483.3072
4.4831	482.6006
4.4876	482.0084
4.4926	481.9895
4.4983	482.3631
4.5034	482.0798
4.5081	481.9363
4.5133	481.9874
4.5188	481.9345
4.5241	481.9638
4.5303	482.0497
4.5344	481.6807
4.5392	481.3946
4.5445	481.593
4.5504	481.7538
4.5551	481.3679
4.5599	481.1815
4.5658	481.577
4.5705	480.9697
4.5774	481.644
4.582	480.8075
4.5866	480.204
4.5916	480.0572
4.5976	480.5161
4.6028	480.2093
4.6078	479.8409
4.6133	479.9311
4.6187	479.7022
4.6238	479.6155
4.6303	479.9971
4.6345	478.9493
4.6392	478.652
4.6448	478.7764
4.6508	478.9748
4.6557	478.555
4.6608	478.3437
4.6668	478.6139
4.6715	478.1192
4.6779	478.5928
4.683	477.9513
4.6877	477.422
4.6927	477.2604
4.6989	477.5888
4.7042	477.3742
4.7093	477.0539
4.7149	477.0256
4.7203	476.682
4.7259	476.5007
4.7323	476.9867
4.737	475.9623
4.7417	475.5731
4.7472	475.6843
4.7535	475.9998
4.7583	475.4499
4.7637	475.1839
4.7697	475.3126
4.7745	474.5185
4.7814	475.0276
4.7869	474.3724
4.7914	473.7452
4.7966	473.6916
4.8026	473.8834
4.8082	473.7162
4.8132	473.4264
4.8189	473.3721
4.8245	473.1704
4.8299	472.8777
4.8367	473.3153
4.8414	471.9309
4.8462	471.3831
4.8517	471.5856
4.858	471.8225
4.8632	471.1628
4.8686	470.8744
4.8746	470.9045
4.8797	470.2779
4.8861	470.5522
4.8921	470.1618
4.8968	469.5623
4.9019	469.3189
4.9082	469.7005
4.9137	469.33
4.9188	468.6729
4.9245	468.5898
4.9303	468.2196
4.9357	467.8995
4.9428	468.0983
4.9477	467.2484
4.9528	466.491
4.9585	466.6067
4.9647	466.7836
4.9701	466.0885
4.9757	465.7914
4.9819	465.7708
4.9874	465.5092
4.9936	465.521
4.9998	465.2001
5.0047	464.0433
5.0099	463.8813
5.0161	464.0472
5.0222	463.8521
5.0274	462.9196
5.0333	462.753
5.0392	462.3735
5.0446	462.0531
5.0518	462.2177
5.0572	461.484
5.0624	460.7934
5.0683	460.8394
5.0746	460.8944
5.0801	460.0291
5.0857	459.7622
5.0917	459.738
5.0974	459.2617
5.1037	459.0635
5.1105	458.387
5.1157	457.5154
5.121	457.2176
5.1273	457.3853
5.1337	457.1184
5.1391	456.3555
5.1452	455.9845
5.1516	455.6533
5.1573	455.1642
5.1641	455.0961
5.1701	454.0218
5.1753	453.7375
5.1813	453.7336
5.188	453.7486
5.1942	452.8345
5.1999	451.9952
5.2064	451.7419
5.2123	451.213
5.2189	450.9083
5.2258	450.1306
5.2313	449.4192
5.2368	449.0671
5.2432	449.184
5.2498	448.8678
5.2556	447.7585
5.2622	447.2956
5.2699	446.2114

