MTS25	Tensile Strength
-0.0001	-0.1908
0	-0.1223
0.0008	0.3729
0.0028	1.5382
0.0058	3.5458
0.0088	6.0645
0.0104	6.5696
0.013	8.402
0.0144	9.7565
0.0171	11.3254
0.0185	12.2617
0.0196	12.9971
0.0215	14.2842
0.0238	15.9865
0.0259	17.6455
0.0272	18.4286
0.0293	19.455
0.0313	21.2022
0.033	22.6347
0.0354	23.93
0.0364	24.5099
0.0379	25.7297
0.0399	27.0651
0.0424	28.8412
0.0437	29.7882
0.0454	30.8232
0.0479	32.4607
0.0492	33.6834
0.0516	35.1427
0.0534	36.2977
0.0544	36.8558
0.0562	38.2481
0.0586	39.8477
0.0603	40.9876
0.0619	42.1701
0.0637	43.4052
0.0659	44.8247
0.0677	46.1184
0.0703	47.7889
0.0711	48.2155
0.0723	49.2579
0.0745	50.8457
0.0769	52.327
0.0782	53.0979
0.0798	54.5562
0.0821	56.042
0.0835	56.7631
0.0862	58.9103
0.0878	59.7757
0.0887	60.5731
0.0905	61.5618
0.0927	63.1404
0.0949	64.5594
0.096	65.2927
0.0978	67.0001
0.1001	68.1938
0.1016	69.1393
0.1042	71.2405
0.1051	71.6433
0.1063	72.534
0.1082	73.6468
0.1107	75.4027
0.1122	76.3295
0.1137	77.7557
0.1159	79.1799
0.1174	79.9625
0.1198	81.4268
0.1217	82.9403
0.1226	83.7956
0.1241	84.5227
0.1264	86.0053
0.1285	87.3605
0.1298	88.4068
0.1316	89.7061
0.1337	91.0267
0.1351	92.1622
0.1377	93.7833
0.1388	94.4188
0.1401	95.4001
0.1419	96.5104
0.1444	98.1116
0.1457	99.1058
0.1473	100.3447
0.1495	101.8948
0.1507	102.5531
0.1532	104.3186
0.1549	105.5233
0.1557	106.0654
0.1574	106.943
0.1596	108.5464
0.1615	110.0656
0.1628	110.8674
0.1647	112.0611
0.1667	113.4257
0.168	114.4697
0.1707	116.3514
0.1716	117.0055
0.1728	117.4498
0.1749	118.9151
0.1773	120.5117
0.1785	121.1958
0.1801	122.7238
0.1822	123.7281
0.1837	124.9719
0.1858	126.309
0.1878	127.5854
0.1886	128.3872
0.1901	129.145
0.1922	130.7908
0.1943	131.9214
0.1956	132.9863
0.1974	134.1762
0.1994	135.442
0.2008	136.4244
0.2034	138.1447
0.2043	138.8612
0.2055	139.5735
0.2073	141.0586
0.2097	142.3806
0.2111	143.4294
0.2127	144.5146
0.2148	145.6659
0.2162	146.8907
0.2182	148.0357
0.2203	149.696
0.2209	150.0572
0.2225	151.1165
0.2247	152.4904
0.2269	153.9044
0.2279	154.4945
0.2299	156.0487
0.2317	157.0823
0.2331	158.0697
0.2354	159.9547
0.2366	160.4681
0.2378	161.3998
0.2394	162.3648
0.2417	164.0591
0.2434	165.1675
0.2447	166.0732
0.2467	167.4462
0.2484	168.2362
0.2503	169.5991
0.2522	170.7895
0.2531	171.6122
0.2545	172.5227
0.2567	173.839
0.2588	175.2777
0.2599	176.3502
0.2617	177.4181
0.264	178.8181
0.2652	179.418
0.2675	181.2611
0.2689	181.8598
0.2697	182.7384
0.2715	184.0526
0.2736	185.2464
0.2755	186.4038
0.2769	187.2093
0.2786	188.8036
0.2805	189.9209
0.2824	190.9713
0.2843	192.7225
0.2852	193.0025
0.2865	193.8038
0.2885	195.2114
0.2908	196.7079
0.2917	197.4097
0.2936	198.4981
0.2959	199.9251
0.2971	201.1899
0.2994	202.5463
0.3007	203.2396
0.3016	203.841
0.3032	205.0331
0.3055	206.306
0.3073	207.5276
0.3085	208.2881
0.3103	209.8576
0.3122	210.804
0.3141	211.8847
0.3161	213.5313
0.3168	214.0313
0.3182	215.0805
0.3202	216.0773
0.3226	217.6021
0.3236	218.2865
0.3251	219.0913
0.3272	220.7742
0.3287	221.8867
0.3309	222.9517
0.3324	223.9563
0.3334	224.4545
0.335	226.0598
0.3374	227.4107
0.3388	228.0429
0.3401	228.7421
0.3421	230.316
0.344	231.5805
0.3457	232.7025
0.348	234.1402
0.3486	234.6005
0.3501	235.2534
0.352	236.5172
0.3543	238.2957
0.3554	239.2203
0.3569	239.7428
0.3592	241.053
0.3604	241.8602
0.3627	243.5835
0.3642	244.3215
0.3651	244.9372
0.3668	246.0239
0.369	247.3974
0.3708	248.4143
0.3721	249.4058
0.374	250.6255
0.3759	251.7578
0.3772	252.2814
0.3798	253.8965
0.3807	254.4396
0.382	255.486
0.3841	256.284
0.3865	257.9184
0.3878	258.6323
0.3895	259.5967
0.3918	260.9102
0.3932	261.5191
0.3955	263.0036
0.3971	264.1609
0.3982	264.3539
0.3999	265.0623
0.4024	266.7693
0.4043	267.7912
0.4058	268.2288
0.4078	269.2645
0.41	270.5772
0.4118	271.3636
0.4147	272.7476
0.4156	272.8653
0.4172	273.4478
0.4195	274.8547
0.4224	276.4679
0.4238	276.7416
0.4259	277.2222
0.4286	278.4828
0.4303	278.9199
0.4334	280.5982
0.4355	281.185
0.4369	281.4636
0.4389	282.5158
0.4419	283.5575
0.4445	284.3311
0.4463	284.6736
0.4488	285.3406
0.4518	286.5414
0.4539	287.2025
0.4578	288.9774
0.4593	289.0238
0.4614	289.2265
0.4639	289.5084
0.4675	290.9152
0.4698	291.3411
0.4721	292.2514
0.4754	293.1779
0.4778	293.49
0.4812	294.5536
0.4843	294.9855
0.4861	295.1232
0.4884	295.3392
0.4917	296.72
0.4951	297.4758
0.4975	297.622
0.5003	298.0082
0.504	299.3984
0.5067	299.7602
0.5108	300.9995
0.5132	300.955
0.5154	301.1892
0.5184	301.2894
0.5221	302.0432
0.5251	302.3481
0.5279	303.1485
0.5315	303.8889
0.5342	304.117
0.538	305.3859
0.5417	305.8156
0.5439	305.8138
0.5466	306.0957
0.5502	306.733
0.5544	307.3786
0.5569	307.3942
0.5603	307.7422
0.5641	308.5407
0.5669	308.972
0.5716	309.8242
0.5744	309.7659
0.5769	309.8239
0.5802	310.379
0.5846	311.6096
0.588	311.6596
0.591	312.0563
0.5949	312.468
0.598	312.6618
0.6019	313.3364
0.6066	313.5765
0.6088	313.5029
0.6118	313.6943
0.6156	314.2794
0.62	314.8182
0.6228	314.8384
0.6267	315.7427
0.631	316.1999
0.6341	316.2361
0.6389	317.2639
0.6421	316.9888
0.6447	317.088
0.6484	317.8452
0.6528	318.1513
0.6564	318.1785
0.6598	318.249
0.6642	318.6792
0.6674	318.6382
0.6716	319.1606
0.6762	319.7708
0.6791	319.318
0.6821	319.8372
0.6863	320.2602
0.6909	321.0424
0.6941	320.8587
0.6981	321.5066
0.7025	322.1137
0.7059	322.156
0.7108	322.509
0.7143	322.417
0.7173	322.439
0.7211	322.6079
0.7253	323.2254
0.7295	323.3637
0.7331	323.4948
0.7374	324.1346
0.7414	324.1133
0.7454	324.3275
0.7503	324.8632
0.7532	324.3492
0.7566	324.7559
0.7608	325.4879
0.7656	326.071
0.7691	325.8908
0.7732	326.0827
0.7778	326.0976
0.7815	326.0949
0.7862	326.3237
0.7901	326.2004
0.7932	326.168
0.7971	326.624
0.8019	327.3446
0.8061	327.3556
0.8096	327.4005
0.8141	328.0187
0.8183	328.2674
0.8226	328.515
0.8277	328.5297
0.8309	328.5037
0.834	328.5248
0.8387	328.8015
0.8434	329.3876
0.8472	329.1133
0.851	329.4026
0.856	330.0587
0.8601	330.0164
0.8653	330.3626
0.8691	330.0826
0.8725	330.0032
0.8763	330.3014
0.8809	330.6498
0.8853	330.6496
0.8889	330.6397
0.8931	330.8396
0.8978	331.1861
0.9025	331.4149
0.9075	331.5298
0.9108	331.0574
0.9144	331.2584
0.9186	331.7851
0.9238	332.1465
0.9274	332.0573
0.9315	332.1043
0.9363	332.5178
0.9404	332.3421
0.9454	333.0297
0.9495	332.7203
0.9528	332.4154
0.9568	333.0039
0.9617	333.7835
0.9662	333.7709
0.97	333.6208
0.9745	334.2557
0.9793	334.3444
0.9836	334.4436
0.9887	334.5882
0.992	334.3381
0.9956	334.4293
1	334.5933
1.0049	334.6009
1.0092	334.5922
1.0131	334.5939
1.0182	334.7778
1.0221	334.6349
1.0271	334.9479
1.0316	334.7767
1.0348	334.6494
1.039	334.8089
1.0436	335.3592
1.0484	335.4955
1.052	335.2707
1.0566	335.6966
1.0613	335.8067
1.0655	335.836
1.0712	336.8088
1.0747	335.729
1.0782	335.7785
1.0827	336.5945
1.0878	336.9999
1.0918	336.7752
1.0958	336.8415
1.101	337.1735
1.1049	337.0056
1.1099	337.4517
1.1147	337.2252
1.118	337.0102
1.1222	337.127
1.127	337.7123
1.1318	337.7581
1.1356	337.6354
1.1398	337.815
1.145	338.0833
1.149	338.0793
1.1549	338.5049
1.1584	337.9078
1.1618	337.8848
1.1664	338.3883
1.1714	338.5685
1.1755	338.4693
1.1797	338.4933
1.1849	338.7332
1.1888	338.5456
1.1943	338.9256
1.1991	338.7491
1.2023	338.5204
1.2063	338.6335
1.2112	338.9818
1.216	339.0744
1.2198	338.9318
1.2243	339.0849
1.2295	339.3458
1.2336	339.2815
1.2393	339.8685
1.243	339.1282
1.2466	339.0696
1.2509	339.4632
1.2563	340.1507
1.2605	339.7386
1.2645	339.7768
1.2694	340.3711
1.2735	339.9717
1.2788	340.5884
1.2838	340.4901
1.2871	339.9056
1.2912	340.1737
1.2962	340.604
1.3012	340.6068
1.3049	340.5775
1.3093	340.6
1.3145	340.6451
1.3184	340.6141
1.3244	341.3309
1.3285	340.5879
1.3319	340.6025
1.3362	340.6788
1.3416	341.4758
1.3457	340.9853
1.35	341.1234
1.3551	341.5815
1.359	341.306
1.3642	341.9109
1.3694	341.8145
1.3729	341.1821
1.3767	341.3133
1.3817	342.089
1.3868	342.3345
1.3906	341.8997
1.3953	342.2302
1.4001	342.3472
1.4042	342.2556
1.41	342.9433
1.414	342.2949
1.4175	342.0403
1.422	342.5104
1.4277	342.9957
1.4319	342.7592
1.436	342.7557
1.4408	342.9899
1.4452	342.9102
1.4501	343.0201
1.4555	343.0266
1.4593	342.8557
1.463	342.9172
1.468	343.0293
1.4732	343.0564
1.477	343.0256
1.4818	343.0448
1.4868	343.0656
1.4907	343.0421
1.4967	343.3462
1.5007	343.0432
1.5043	343.0295
1.5088	343.0678
1.5139	343.3466
1.5184	343.1665
1.5227	343.1875
1.528	343.679
1.532	343.2344
1.5369	343.6279
1.5425	343.9044
1.5457	343.1679
1.5498	343.2579
1.5547	343.8943
1.56	344.193
1.5638	343.7936
1.5685	343.9813
1.5735	344.174
1.5776	343.9929
1.5832	344.7282
1.5875	344.0472
1.5911	343.8677
1.5954	344.1516
1.6005	344.7737
1.6053	344.6669
1.6093	344.5475
1.6144	344.8886
1.6188	344.7449
1.6236	344.8854
1.6291	344.9942
1.6326	344.5876
1.6366	344.642
1.6414	344.9578
1.6467	345.1253
1.6508	344.9471
1.6552	345.002
1.6605	345.1924
1.6649	345.0293
1.6703	345.5275
1.6745	345.0256
1.6781	344.9333
1.6825	345.0594
1.6874	345.5901
1.6924	345.4664
1.6964	345.2512
1.7012	345.778
1.7062	345.7408
1.7108	345.9234
1.7163	346.1476
1.7199	345.3337
1.7237	345.3471
1.7285	346.0377
1.7336	346.2746
1.7376	345.9352
1.742	346.0394
1.7473	346.4683
1.7518	346.2884
1.7574	346.5966
1.7617	346.2051
1.7652	345.9461
1.7694	346.168
1.7745	346.592
1.7793	346.5064
1.7833	346.3709
1.7881	346.5692
1.7931	346.6372
1.7981	346.6746
1.8035	346.6957
1.8071	346.4474
1.8108	346.4601
1.8155	346.6388
1.8213	346.8322
1.825	346.6344
1.8292	346.6325
1.8345	346.8642
1.8392	346.7554
1.8443	346.9757
1.8487	346.777
1.8524	346.6456
1.8568	346.7068
1.8618	346.9957
1.8666	346.9466
1.8706	346.8237
1.8754	347.0552
1.8803	347.0674
1.885	347.1132
1.8906	347.299
1.8942	346.868
1.8979	346.8531
1.9027	347.0979
1.9077	347.3591
1.9121	347.1307
1.9163	347.1259
1.9219	347.8417
1.9258	347.1936
1.931	347.8728
1.9358	347.5386
1.9395	347.11
1.9439	347.247
1.949	347.9543
1.9538	347.9326
1.9579	347.547
1.9628	348.0332
1.9678	348.1533
1.972	348.0415
1.9781	348.7726
1.9818	347.7532
1.9857	347.5669
1.9907	348.188
1.9958	348.6053
2.0001	348.2076
2.0043	348.1605
2.0098	348.9296
2.0141	348.3505
2.0194	348.9512
2.0241	348.663
2.0277	348.1317
2.0321	348.3322
2.0373	348.9405
2.0423	348.9277
2.0462	348.6767
2.0507	348.8741
2.0562	349.0177
2.0605	348.9925
2.0664	349.2238
2.0699	348.7078
2.0739	348.5934
2.0784	348.9879
2.084	349.1489
2.0882	349.0183
2.0924	349.0297
2.0977	349.3413
2.102	349.0464
2.1076	349.582
2.1125	349.2133
2.116	349.008
2.1202	349.0406
2.1254	349.3859
2.1304	349.5058
2.1345	349.1669
2.1392	349.3707
2.1445	349.7095
2.1488	349.5262
2.1549	350.1155
2.1589	349.2491
2.1625	349.112
2.167	349.4668
2.1726	350.0446
2.1769	349.6712
2.1811	349.6498
2.1863	350.0756
2.1905	349.8052
2.1962	350.2567
2.2012	350.0757
2.2047	349.5358
2.209	349.7126
2.2141	350.1631
2.2194	350.2307
2.2231	349.986
2.2277	350.0507
2.2329	350.3391
2.2373	350.2011
2.2432	350.7425
2.2471	350.0701
2.251	349.9389
2.2555	350.1855
2.2613	350.7177
2.2656	350.3405
2.2699	350.3798
2.275	350.7178
2.2794	350.386
2.2846	350.8157
2.29	350.7659
2.2936	350.2517
2.2975	350.2997
2.3029	350.8054
2.3081	350.8839
2.3123	350.6495
2.317	350.8179
2.3219	350.8358
2.3265	350.7696
2.3325	350.9832
2.3364	350.7541
2.3399	350.4971
2.3447	350.824
2.3501	350.9701
2.3544	350.8898
2.3588	350.8849
2.364	350.9615
2.3684	350.9189
2.3734	350.9855
2.3791	351.0023
2.3826	350.8491
2.3865	350.8631
2.3916	350.9785
2.3968	351.0323
2.401	350.9545
2.4058	350.991
2.4109	351.0413
2.4153	350.9733
2.4212	351.1372
2.4255	350.9862
2.4292	350.9365
2.4337	350.9979
2.4389	351.0806
2.4439	351.052
2.4482	351.0424
2.4534	351.1042
2.4578	351.0437
2.4626	351.0937
2.4682	351.2052
2.4718	351.0186
2.4761	351.0247
2.481	351.1146
2.4866	351.33
2.4908	351.0778
2.4954	351.1254
2.5006	351.2287
2.5049	351.1087
2.5108	351.5793
2.5149	351.1149
2.5186	351.0599
2.5233	351.122
2.5283	351.4126
2.5333	351.3581
2.5376	351.2307
2.5428	351.5948
2.5473	351.3391
2.5524	351.5356
2.5579	351.7092
2.5612	351.1569
2.5653	351.1621
2.5704	351.5311
2.5757	351.8331
2.5799	351.4958
2.5847	351.6367
2.59	351.8364
2.5942	351.642
2.5998	351.9686
2.6041	351.6503
2.608	351.3685
2.6126	351.6268
2.6177	351.9433
2.6225	351.8718
2.6266	351.7036
2.6315	351.9338
2.6365	351.9238
2.6413	352.0356
2.6467	352.4142
2.6506	351.7325
2.6545	351.6884
2.6596	352.0315
2.665	352.4405
2.669	351.9062
2.6734	351.9991
2.6786	352.611
2.6834	352.3598
2.6888	352.8697
2.6932	352.1052
2.6969	351.8057
2.7011	352.0158
2.7065	352.7138
2.7113	352.5588
2.7154	352.3095
2.7202	352.6783
2.7255	352.8098
2.7304	352.8862
2.7359	352.9601
2.7395	352.2404
2.7434	352.2211
2.7484	352.6891
2.7538	353.0085
2.7578	352.6872
2.7621	352.6185
2.7676	353.0401
2.772	352.9205
2.7775	353.106
2.7822	352.9505
2.7859	352.6058
2.7903	352.829
2.7955	353.0691
2.8004	353.0265
2.8044	352.9237
2.8093	353.0963
2.8144	353.1161
2.8193	353.1778
2.825	353.4936
2.8289	352.9131
2.8326	352.8794
2.8375	353.0716
2.8426	353.3771
2.8469	353.1062
2.8514	353.0684
2.857	353.797
2.8612	353.1173
2.8665	353.7496
2.8714	353.4277
2.875	353.0107
2.8794	353.1518
2.8845	353.6496
2.8894	353.7012
2.8936	353.3452
2.8986	353.7118
2.9036	353.8085
2.9079	353.6392
2.9141	354.453
2.9177	353.3536
2.9215	353.1891
2.9263	353.742
2.9316	354.2527
2.936	353.7776
2.9402	353.6678
2.946	354.4967
2.9501	353.8724
2.9556	354.6034
2.9605	354.1885
2.964	353.4766
2.9682	353.6828
2.9735	354.3668
2.9783	354.3877
2.9825	354.022
2.9871	354.2804
2.9924	354.546
2.9968	354.4207
3.0031	354.9112
3.0066	354.0705
3.0103	353.8317
3.015	354.3571
3.0205	354.7894
3.0246	354.3741
3.0288	354.4008
3.0343	354.8572
3.0386	354.5651
3.0441	354.9535
3.0491	354.7693
3.0525	354.2532
3.0569	354.3736
3.0619	354.8201
3.067	354.8634
3.071	354.6481
3.0757	354.755
3.0809	354.9193
3.085	354.8397
3.0912	355.2283
3.0949	354.709
3.0989	354.5181
3.1034	354.7931
3.109	355.1041
3.1132	354.8846
3.1177	354.8606
3.1229	355.1123
3.1272	354.8948
3.1325	355.2393
3.1374	355.115
3.1411	354.7744
3.1453	354.8317
3.1505	355.1338
3.1558	355.1917
3.1596	354.9692
3.1643	355.026
3.1697	355.2609
3.1739	355.1418
3.18	355.5313
3.1838	355.0502
3.1878	354.8909
3.1922	355.056
3.1977	355.4418
3.2019	355.1708
3.2063	355.1904
3.2116	355.4582
3.2158	355.2004
3.2212	355.5325
3.2264	355.4515
3.23	355.0478
3.2339	355.039
3.2392	355.4414
3.2444	355.5411
3.2483	355.3402
3.2532	355.4638
3.2581	355.4918
3.2624	355.4068
3.2684	355.7566
3.2725	355.4067
3.2762	355.1867
3.281	355.446
3.2867	355.7121
3.291	355.5233
3.2955	355.5039
3.3006	355.6585
3.3049	355.5264
3.31	355.6807
3.3156	355.7851
3.3192	355.4435
3.3233	355.43
3.3286	355.6774
3.3338	355.7737
3.338	355.5531
3.3426	355.6396
3.3479	355.774
3.3519	355.5977
3.358	356.1165
3.3623	355.6317
3.3658	355.4719
3.3704	355.6212
3.3758	355.8848
3.3806	355.7891
3.3849	355.7518
3.3904	355.995
3.3947	355.7336
3.3997	355.8897
3.4052	356.0816
3.4088	355.6124
3.413	355.6394
3.4179	355.8952
3.4233	356.1674
3.4273	355.8089
3.4323	355.9325
3.4373	356.0642
3.4416	355.875
3.4474	356.4023
3.4518	355.9127
3.4556	355.7157
3.4603	355.9088
3.4653	356.1846
3.4703	356.1516
3.4747	356.0202
3.4798	356.3006
3.4845	356.101
3.4893	356.2388
3.4951	356.5302
3.4987	355.9109
3.5027	355.8861
3.5078	356.2139
3.5132	356.6246
3.5175	356.1679
3.5222	356.2633
3.5276	356.568
3.5319	356.2281
3.5373	356.7116
3.5418	356.2976
3.5453	356.0074
3.5501	356.1942
3.5551	356.6227
3.5602	356.5343
3.5644	356.2952
3.5694	356.6442
3.5743	356.554
3.5791	356.6752
3.5846	356.9047
3.5884	356.2446
3.5922	356.2017
3.5975	356.6857
3.6028	356.9264
3.6069	356.5522
3.6115	356.6125
3.6171	357.0201
3.6215	356.8363
3.6272	357.0697
3.6317	356.7101
3.6353	356.2977
3.6397	356.5424
3.6452	356.9988
3.6499	356.877
3.6542	356.7112
3.6593	356.9302
3.6643	357.014
3.6694	357.051
3.6748	357.0813
3.6784	356.6569
3.6824	356.6346
3.6874	356.8728
3.6928	357.0912
3.697	356.8764
3.7012	356.8257
3.7066	357.0992
3.7111	357.044
3.7164	357.1209
3.7212	357.0488
3.7251	356.7712
3.7293	356.9489
3.7347	357.0893
3.7395	357.0841
3.7435	357.0247
3.7486	357.0966
3.7537	357.107
3.7585	357.1105
3.764	357.2728
3.7678	356.9994
3.7717	356.9415
3.7766	357.0838
3.7819	357.2497
3.7862	357.0873
3.7905	357.0805
3.7961	357.5067
3.8001	357.0905
3.8056	357.4609
3.8106	357.2471
3.8142	357.0508
3.8187	357.0869
3.8239	357.3022
3.8287	357.3518
3.8329	357.1363
3.8378	357.3813
3.8429	357.439
3.8475	357.2878
3.8534	357.99
3.8572	357.1077
3.8609	357.0846
3.8659	357.2899
3.8711	357.6459
3.8754	357.2913
3.8797	357.2149
3.8853	357.9252
3.8896	357.4095
3.8953	358.0078
3.9002	357.6667
3.9038	357.1286
3.9081	357.2226
3.9134	357.7491
3.9181	357.7427
3.9222	357.4737
3.9269	357.6132
3.9324	357.8555
3.9367	357.7657
3.9428	358.3144
3.9466	357.4791
3.9504	357.2747
3.955	357.6407
3.9607	358.1507
3.9649	357.7017
3.9692	357.6724
3.9746	358.1985
3.979	357.82
3.9847	358.3577
3.9894	358.0979
3.9931	357.5391
3.9974	357.6217
4.0029	358.1515
4.0076	358.1774
4.0119	357.8511
4.0166	358.0239
4.0219	358.2632
4.0263	358.1185
4.0324	358.7201
4.036	357.8727
4.0398	357.6519
4.0443	357.9849
4.0498	358.4972
4.0543	358.1381
4.0587	358.1218
4.0639	358.5349
4.0684	358.1763
4.074	358.7532
4.0791	358.4947
4.0825	357.9164
4.0869	358.0025
4.092	358.441
4.0973	358.6313
4.1011	358.2314
4.1058	358.3022
4.1112	358.6985
4.1155	358.4599
4.1215	359.0546
4.1253	358.2776
4.1293	358.0997
4.1338	358.3186
4.1396	358.9562
4.1439	358.5223
4.1484	358.5122
4.1537	358.9067
4.158	358.5142
4.1632	359.0369
4.1685	358.9711
4.1721	358.2664
4.1763	358.2565
4.1817	358.9047
4.187	359.0603
4.1911	358.6226
4.1958	358.8125
4.2009	358.9379
4.2052	358.7995
4.2113	359.4278
4.2154	358.7494
4.2189	358.346
4.2238	358.766
4.2294	359.2445
4.2339	358.9269
4.2383	358.8884
4.2437	359.2107
4.248	358.8979
4.2529	359.1757
4.2584	359.325
4.262	358.6967
4.266	358.6373
4.2712	359.1341
4.2767	359.3853
4.2806	359.0124
4.2855	359.1468
4.2907	359.3298
4.2947	359.0175
4.3007	359.545
4.3051	359.093
4.3088	358.79
4.3136	359.0601
4.319	359.4639
4.3237	359.3064
4.328	359.2006
4.3332	359.4779
4.3374	359.2134
4.3426	359.4147
4.3483	359.5253
4.352	359.0184
4.356	359.0219
4.361	359.4053
4.3666	359.5554
4.3706	359.2906
4.3754	359.4309
4.3806	359.5287
4.385	359.372
4.3908	359.5729
4.395	359.3775
4.3987	359.0871
4.4033	359.313
4.4084	359.5358
4.4133	359.5434
4.4176	359.4452
4.423	359.5648
4.4274	359.504
4.4324	359.5452
4.4379	359.5728
4.4416	359.3343
4.4455	359.2774
4.4506	359.5504
4.4561	359.581
4.4602	359.5217
4.4649	359.5524
4.4703	359.5703
4.4745	359.5484
4.4801	359.6
4.4846	359.5554
4.4883	359.4018
4.493	359.5356
4.498	359.5769
4.5031	359.5699
4.5075	359.5533
4.5125	359.5879
4.5173	359.5694
4.522	359.5794
4.5278	359.6945
4.5313	359.5341
4.5352	359.5076
4.5403	359.5779
4.5456	359.6844
4.5498	359.5634
4.5543	359.5678
4.5599	359.7267
4.5645	359.5919
4.5697	359.8007
4.5743	359.5766
4.5778	359.5334
4.5822	359.557
4.5875	359.6787
4.5925	359.6236
4.5965	359.5716
4.6013	359.6338
4.6065	359.7516
4.6116	359.851
4.6171	359.9782
4.6207	359.5632
4.6248	359.5669
4.6296	359.6159
4.635	359.96
4.6394	359.6104
4.6437	359.6022
4.6491	360.0083
4.6537	359.7441
4.6591	360.0803
4.6637	359.7638
4.6675	359.5748
4.6721	359.6219
4.6773	359.9232
4.6825	359.9207
4.6863	359.6609
4.6916	359.966
4.6965	359.9119
4.7011	359.969
4.7068	360.3874
4.7105	359.6482
4.7146	359.6059
4.7195	359.8646
4.7248	360.2118
4.7293	359.8325
4.7333	359.7612
4.7393	360.476
4.7435	359.9226
4.7491	360.4674
4.7537	360.1077
4.7574	359.6443
4.7618	359.7759
4.7668	360.1577
4.7719	360.2629
4.7762	359.9453
4.7811	360.2626
4.7861	360.3319
4.7906	360.1616
4.7969	360.8156
4.8006	359.9026
4.8044	359.7825
4.8096	360.1927
4.8149	360.5749
4.8191	360.1605
4.8233	360.0278
4.829	360.747
4.8332	360.166
4.8386	360.7437
4.844	360.5859
4.8475	359.8907
4.8519	360.0743
4.8573	360.5878
4.8623	360.5683
4.8664	360.2183
4.8712	360.4266
4.8765	360.668
4.881	360.5876
4.8873	361.2172
4.8909	360.1905
4.8948	359.9909
4.8995	360.363
4.9051	360.8735
4.9093	360.4722
4.9139	360.4773
4.9193	361.0084
4.9237	360.5448
4.9293	361.1711
4.9342	360.7407
4.9379	360.1584
4.942	360.273
4.9473	360.866
4.9524	360.9126
4.9564	360.5566
4.9613	360.7228
4.9668	360.9771
4.971	360.772
4.9773	361.4024
4.9813	360.6102
4.985	360.39
4.9899	360.6944
4.9954	361.2419
4.9996	360.7535
5.0039	360.6902
5.0093	361.1649
5.0138	360.8668
5.0194	361.4282
5.0246	361.1977
5.0281	360.5387
5.0326	360.6036
5.0375	361.101
5.0429	361.2274
5.0471	360.8888
5.0517	361.0009
5.0572	361.2814
5.0615	361.1081
5.0675	361.6448
5.0716	360.8906
5.0753	360.6325
5.0799	360.9201
5.0855	361.5263
5.0901	361.0774
5.0946	361.0986
5.1	361.4351
5.1042	361.0239
5.1094	361.4914
5.1147	361.444
5.1183	360.8285
5.1225	360.8055
5.1278	361.4465
5.1333	361.5914
5.1373	361.1451
5.142	361.2797
5.1471	361.4154
5.1514	361.2486
5.1575	361.7603
5.1616	361.2465
5.1654	360.8976
5.1703	361.2427
5.1758	361.6667
5.1804	361.4318
5.1849	361.3127
5.19	361.6511
5.1944	361.3286
5.1994	361.6178
5.2052	361.7074
5.2086	361.1376
5.213	361.1033
5.2182	361.6026
5.2236	361.7075
5.2276	361.4112
5.2324	361.5751
5.2378	361.6822
5.2416	361.4374
5.2477	361.8524
5.2519	361.5244
5.2557	361.164
5.2605	361.4693
5.266	361.7397
5.2707	361.6516
5.2751	361.5755
5.2802	361.7279
5.2845	361.5877
5.2894	361.7085
5.295	361.8162
5.2988	361.3572
5.3029	361.3409
5.3078	361.6998
5.3134	361.8475
5.3177	361.6413
5.3221	361.7055
5.3275	361.7682
5.3318	361.6661
5.3376	361.976
5.3419	361.6743
5.3456	361.4445
5.3503	361.6378
5.3555	361.8032
5.3605	361.7728
5.3647	361.7127
5.3699	361.8552
5.3745	361.7202
5.3793	361.7836
5.385	362.0195
5.3887	361.6354
5.3928	361.5998
5.3979	361.7725
5.4032	362.0358
5.4073	361.7333
5.412	361.7774
5.4174	361.9511
5.4216	361.7582
5.4273	362.1002
5.4318	361.7809
5.4356	361.631
5.4401	361.7206
5.4453	361.9467
5.4502	361.8926
5.4544	361.7675
5.4597	361.9995
5.4646	361.8783
5.4693	362.0082
5.475	362.1763
5.4786	361.7319
5.4827	361.6983
5.4877	361.9235
5.493	362.1454
5.4973	361.8329
5.5019	361.8548
5.5075	362.197
5.5121	362.0715
5.5175	362.331
5.5221	361.9627
5.5258	361.7262
5.5303	361.8055
5.5357	362.1357
5.5406	362.0488
5.5447	361.8343
5.5497	362.0567
5.5549	362.1694
5.5599	362.2535
5.5656	362.393
5.569	361.8279
5.5732	361.7938
5.5782	362.0176
5.5838	362.427
5.588	362.0277
5.5925	361.9937
5.598	362.3924
5.6025	362.1247
5.6078	362.4333
5.6125	362.17
5.6164	361.8509
5.6209	361.9917
5.626	362.2497
5.6313	362.2657
5.6354	362.0837
5.6405	362.3462
5.6457	362.3283
5.6505	362.3527
5.6562	362.59
5.6601	362.04
5.6638	361.9664
5.6691	362.2033
5.6745	362.522
5.6789	362.2002
5.6832	362.1234
5.689	362.6267
5.6933	362.2411
5.6988	362.6039
5.7038	362.4333
5.7076	362.0428
5.7122	362.123
5.7175	362.4794
5.7224	362.4799
5.7266	362.185
5.7316	362.4427
5.7367	362.5115
5.7412	362.3593
5.7475	362.8617
5.7513	362.1752
5.7552	362.0855
5.7603	362.3485
5.7658	362.6168
5.7701	362.346
5.7745	362.2073
5.78	362.7785
5.7842	362.3918
5.7899	362.764
5.7948	362.6304
5.7987	362.1231
5.803	362.231
5.8085	362.6501
5.8135	362.6129
5.8176	362.3989
5.8224	362.4917
5.828	362.7037
5.8325	362.6254
5.8388	362.9324
5.8426	362.3754
5.8465	362.1761
5.8513	362.5085
5.857	362.848
5.8611	362.5465
5.8658	362.5268
5.8713	362.8387
5.8758	362.5784
5.8817	362.9288
5.8868	362.7646
5.8903	362.3001
5.8946	362.3733
5.9	362.7636
5.905	362.7985
5.9092	362.5666
5.9142	362.6455
5.9196	362.8303
5.9241	362.7218
5.9304	363.0219
5.9342	362.5691
5.9381	362.3695
5.943	362.6113
5.9485	362.9015
5.9528	362.6648
5.9574	362.6166
5.9627	362.8817
5.9673	362.7257
5.9728	362.9899
5.9781	362.8807
5.9818	362.5218
5.9862	362.5717
5.9914	362.8497
5.9968	362.9036
6.0009	362.7222
6.0058	362.7646
6.0112	362.898
6.0155	362.7885
6.0216	363.0563
6.0257	362.7435
6.0296	362.5621
6.0343	362.7396
6.0401	362.9984
6.0446	362.8257
6.0492	362.8095
6.0545	362.9474
6.0588	362.7527
6.064	362.9839
6.0696	362.9844
6.0733	362.6384
6.0773	362.607
6.083	362.9485
6.0882	362.9939
6.0923	362.8236
6.0972	362.9002
6.1023	362.9376
6.1066	362.8675
6.1128	363.0959
6.1169	362.8337
6.1207	362.5953
6.1255	362.8336
6.1311	363.0332
6.1357	362.9067
6.1402	362.8804
6.1453	363.0235
6.1498	362.8927
6.1548	363.0111
6.1607	363.0706
6.1645	362.8027
6.1686	362.7472
6.1739	362.9792
6.1793	363.0654
6.1835	362.9144
6.1882	362.9608
6.1933	363.0323
6.1977	362.8997
6.2038	363.1276
6.2081	362.9478
6.2121	362.7772
6.2168	362.9155
6.2222	363.073
6.227	362.988
6.2313	362.9605
6.2365	363.0652
6.2411	362.9682
6.2461	363.0519
6.2521	363.1151
6.2556	362.8663
6.2599	362.8568
6.265	363.03
6.2705	363.1047
6.2746	362.9724
6.2796	363.0194
6.2849	363.0823
6.2891	363.0005
6.295	363.1548
6.2994	362.9931
6.3032	362.859
6.3079	362.9555
6.3131	363.0748
6.3183	363.0757
6.3226	363.029
6.3279	363.1124
6.3325	363.0457
6.3373	363.0788
6.3431	363.1489
6.3468	362.9461
6.351	362.9206
6.3561	363.0618
6.3615	363.1542
6.366	363.0513
6.3708	363.0743
6.3764	363.1366
6.3807	363.0623
6.3861	363.1851
6.3908	363.0717
6.3946	362.9377
6.3993	363.0222
6.4045	363.1118
6.4095	363.0999
6.4138	363.0442
6.4191	363.119
6.4239	363.0892
6.4288	363.123
6.4346	363.2321
6.4383	363.0094
6.4424	362.9732
6.4475	363.0937
6.4529	363.1761
6.4571	363.0607
6.4616	363.0712
6.4672	363.2117
6.4719	363.1277
6.4776	363.2719
6.482	363.0903
6.4858	362.9768
6.4902	363.0341
6.4957	363.1592
6.5004	363.1176
6.5047	363.0718
6.5095	363.1298
6.5148	363.1719
6.52	363.2232
6.5254	363.2633
6.5292	363.0575
6.5332	363.0305
6.5382	363.0996
6.544	363.2554
6.5481	363.0997
6.5523	363.0916
6.5578	363.2441
6.5622	363.1517
6.5678	363.3227
6.5726	363.1577
6.5763	363.0615
6.581	363.0902
6.5862	363.1923
6.5912	363.1923
6.5952	363.1103
6.6003	363.2067
6.6057	363.2255
6.6106	363.2584
6.6162	363.3853
6.6199	363.0869
6.6239	363.0663
6.629	363.15
6.6341	363.2543
6.6386	363.148
6.643	363.1275
6.6487	363.4238
6.6531	363.1628
6.6585	363.4059
6.6636	363.246
6.6674	363.0906
6.6719	363.1236
6.6771	363.2601
6.6823	363.2836
6.6865	363.1469
6.6914	363.249
6.6966	363.3088
6.7011	363.2169
6.7075	363.7421
6.7113	363.1381
6.7153	363.1066
6.7204	363.1966
6.7257	363.3753
6.7302	363.1794
6.7346	363.1415
6.7404	363.5461
6.7448	363.1891
6.7503	363.5377
6.7553	363.3795
6.759	363.1106
6.7634	363.1363
6.7688	363.3493
6.7739	363.318
6.7782	363.1797
6.783	363.2201
6.7885	363.4244
6.7931	363.3472
6.7994	363.7664
6.803	363.1518
6.807	363.1119
6.8118	363.2037
6.8174	363.548
6.8217	363.2204
6.8264	363.2169
6.8318	363.5713
6.8364	363.2502
6.8422	363.7163
6.8471	363.4353
6.8508	363.1341
6.8552	363.1443
6.8606	363.3931
6.8658	363.4538
6.87	363.2271
6.8748	363.2798
6.8802	363.5766
6.8848	363.3661
6.8909	363.8485
6.8949	363.218
6.899	363.1402
6.9039	363.2667
6.9097	363.6758
6.9141	363.3046
6.9185	363.2628
6.9237	363.6031
6.9283	363.2956
6.9339	363.7285
6.9391	363.5859
6.943	363.1578
6.9475	363.1902
6.9528	363.493
6.9583	363.5668
6.9623	363.2681
6.9668	363.3031
6.9725	363.6182
6.9768	363.3986
6.9831	363.8915
6.9871	363.2953
6.9912	363.1656
6.996	363.2842
7.0019	363.7368
7.0063	363.4036
7.0109	363.3755
7.0161	363.6836
7.0207	363.3508
7.0263	363.7598
7.0319	363.6808
7.0355	363.2048
7.0397	363.1765
7.0453	363.5827
7.0507	363.7179
7.0549	363.3758
7.0599	363.5276
7.0651	363.5881
7.0696	363.4289
7.0758	363.961
7.0801	363.3897
7.0839	363.1759
7.0888	363.3859
7.0947	363.8193
7.0991	363.4726
7.1037	363.4102
7.1091	363.6977
7.1135	363.4287
7.119	363.6991
7.1246	363.8198
7.1283	363.2562
7.1325	363.2044
7.1377	363.5718
7.1432	363.7444
7.1475	363.4021
7.1523	363.5285
7.1578	363.7042
7.1622	363.4044
7.1682	363.9653
7.1725	363.4527
7.1764	363.1921
7.181	363.3486
7.1867	363.7652
7.1917	363.6169
7.1963	363.5349
7.2017	363.7803
7.2062	363.503
7.2112	363.6915
7.2172	363.8672
7.2208	363.2688
7.225	363.2841
7.2304	363.6194
7.2361	363.8826
7.2404	363.5045
7.2453	363.613
7.2508	363.765
7.255	363.5244
7.261	363.9848
7.2652	363.4974
7.2693	363.2474
7.2742	363.4004
7.2795	363.7292
7.2849	363.687
7.2892	363.5282
7.2947	363.7929
7.2993	363.5979
7.3042	363.7214
7.31	363.9214
7.3139	363.3291
7.3181	363.2794
7.3233	363.6279
7.3289	363.8603
7.3331	363.5031
7.3382	363.6243
7.3436	363.8205
7.348	363.5651
7.3537	363.914
7.3583	363.5859
7.3622	363.2696
7.3671	363.4126
7.3724	363.7656
7.3775	363.7094
7.3819	363.4935
7.3872	363.759
7.3921	363.6409
7.3972	363.7328
7.403	363.9807
7.4069	363.3865
7.411	363.2747
7.4164	363.6414
7.4217	363.8601
7.426	363.4954
7.4305	363.5224
7.4364	363.8996
7.4412	363.7267
7.447	364.0168
7.4515	363.5532
7.4555	363.241
7.4599	363.3493
7.4655	363.7598
7.4703	363.6581
7.4746	363.4237
7.4797	363.6718
7.485	363.7879
7.4904	363.8577
7.4961	363.9189
7.4998	363.3304
7.5039	363.274
7.509	363.5192
7.5148	363.8836
7.5189	363.5017
7.5235	363.4206
7.5293	363.8687
7.5339	363.6855
7.5395	363.8821
7.5443	363.6936
7.5482	363.285
7.5528	363.3726
7.558	363.7197
7.5633	363.7337
7.5676	363.4567
7.5729	363.7467
7.5783	363.7319
7.5831	363.7697
7.5888	363.9265
7.5928	363.3626
7.5968	363.2647
7.602	363.5432
7.6073	363.7595
7.6121	363.5192
7.6165	363.4521
7.6225	363.8955
7.627	363.5144
7.6324	363.8414
7.6375	363.6821
7.6413	363.26
7.646	363.3484
7.6514	363.6903
7.6566	363.687
7.6607	363.4186
7.6656	363.6005
7.6711	363.6943
7.6756	363.5747
7.682	364.0397
7.6859	363.3575
7.6901	363.2235
7.6952	363.4579
7.7006	363.7516
7.7051	363.4614
7.7098	363.3607
7.7155	363.8809
7.7199	363.4775
7.7255	363.8349
7.7308	363.6624
7.7347	363.205
7.7392	363.2683
7.7448	363.6548
7.75	363.6396
7.7543	363.3542
7.7591	363.474
7.7646	363.6308
7.7694	363.5167
7.7757	363.9711
7.7797	363.2698
7.7839	363.1617
7.7887	363.3235
7.7944	363.7092
7.7988	363.3337
7.8035	363.3033
7.8092	363.7282
7.8137	363.3813
7.8198	363.8209
7.8249	363.5406
7.8287	363.1518
7.833	363.1706
7.8384	363.4509
7.8434	363.4944
7.8478	363.2216
7.8529	363.3044
7.8585	363.5457
7.8633	363.3933
7.8693	363.8119
7.8734	363.1931
7.8774	363.119
7.8823	363.205
7.8879	363.5899
7.8926	363.3013
7.8973	363.2301
7.9028	363.5494
7.9074	363.2469
7.9132	363.6239
7.9185	363.4359
7.9225	363.1171
7.9267	363.1327
7.9322	363.3238
7.9377	363.4146
7.9419	363.1788
7.9471	363.2056
7.9526	363.3832
7.9571	363.2336
7.9632	363.6401
7.9675	363.1475
7.9716	363.08
7.9765	363.1339
7.9821	363.3771
7.9867	363.1718
7.9914	363.1524
7.997	363.3027
8.0014	363.1353
8.007	363.3663
8.0125	363.3203
8.0165	363.065
8.0207	363.0451
8.0261	363.2011
8.0316	363.2748
8.0358	363.1111
8.0411	363.1503
8.046	363.1701
8.0508	363.12
8.057	363.4396
8.0613	363.0955
8.0654	362.9937
8.0704	363.0864
8.0761	363.2393
8.0809	363.1099
8.0854	363.0908
8.0907	363.1646
8.0953	363.0771
8.1005	363.1458
8.1065	363.2082
8.1105	363.0134
8.1149	362.9542
8.1202	363.1056
8.1258	363.1678
8.1302	363.051
8.1352	363.0733
8.1408	363.1128
8.145	363.0239
8.1513	363.2024
8.1558	363.0171
8.1598	362.8557
8.1647	362.963
8.1703	363.0955
8.1751	363.0418
8.1799	363.0068
8.1854	363.0871
8.1901	362.9565
8.1953	363.0366
8.2012	363.0964
8.2049	362.8227
8.2092	362.7761
8.2144	362.9626
8.2201	363.0757
8.2244	362.8963
8.2295	362.9446
8.2349	363.0139
8.2396	362.8836
8.2454	363.0791
8.2502	362.8592
8.2541	362.6038
8.259	362.7624
8.2644	362.9398
8.2697	362.92
8.2744	362.8279
8.2797	362.9373
8.2846	362.8069
8.2896	362.8585
8.2956	362.9571
8.2996	362.5399
8.3039	362.4437
8.3093	362.7303
8.3151	362.9177
8.3194	362.6377
8.3245	362.7072
8.33	362.8273
8.3345	362.571
8.3401	362.8417
8.3449	362.5374
8.3491	362.1329
8.354	362.2775
8.3597	362.6431
8.3648	362.5853
8.3693	362.3362
8.3748	362.6067
8.3797	362.4243
8.3849	362.5101
8.3907	362.7059
8.3948	362.0468
8.399	361.9175
8.4043	362.217
8.41	362.5182
8.4143	362.0916
8.4193	362.1021
8.4251	362.5153
8.43	362.1763
8.4359	362.5158
8.4407	361.9951
8.4446	361.7237
8.4493	361.7667
8.4547	362.1212
8.4599	362.0546
8.4644	361.7926
8.4697	361.9914
8.4751	362.0467
8.4808	362.061
8.4866	362.0712
8.4906	361.6276
8.4949	361.5511
8.4999	361.7084
8.5056	361.9564
8.5102	361.6694
8.5147	361.6197
8.5205	361.8613
8.5255	361.7113
8.5312	361.8195
8.5363	361.662
8.5402	361.2105
8.5451	361.2941
8.5507	361.665
8.5558	361.6075
8.5603	361.2499
8.5655	361.5547
8.5708	361.4893
8.576	361.5012
8.5821	361.627
8.5861	360.8556
8.5905	360.6649
8.5956	361.0841
8.6012	361.2968
8.606	361.0601
8.6107	360.8584
8.6166	361.3654
8.6211	360.8265
8.6267	361.1777
8.632	360.9025
8.636	360.2644
8.6409	360.3818
8.6465	360.746
8.6518	360.7239
8.6562	360.3678
8.6614	360.518
8.667	360.5363
8.6716	360.2615
8.6781	360.911
8.6822	359.847
8.6866	359.6548
8.6918	359.9375
8.6971	360.3568
8.7018	359.8429
8.7064	359.6952
8.7124	360.3421
8.717	359.7108
8.7231	360.1513
8.7286	359.7596
8.7324	359.5584
8.7372	359.5643
8.7426	359.6524
8.7478	359.6365
8.7523	359.5664
8.757	359.5706
8.763	359.6066
8.7677	359.5694
8.7742	359.7243
8.7784	359.4208
8.7826	359.2049
8.7877	359.4499
8.7932	359.5616
8.7979	359.4065
8.8027	359.3156
8.8084	359.5528
8.8132	359.278
8.8193	359.552
8.8245	359.2778
8.8284	358.6351
8.8328	358.6574
8.8384	359.1533
8.8439	359.1187
8.8483	358.7383
8.8534	358.7705
8.8592	358.9993
8.8639	358.7385
8.8702	359.1597
8.8745	358.1822
8.8785	357.9134
8.8835	358.1598
8.8893	358.6751
8.8942	358.167
8.8988	358.0454
8.9044	358.3062
8.909	357.9296
8.9148	358.2845
8.9205	357.992
8.9244	357.1928
8.9289	357.2246
8.9343	357.7338
8.9399	357.731
8.9443	357.2612
8.9492	357.2705
8.9549	357.5633
8.9595	357.1965
8.9659	357.6233
8.9705	357.0395
8.9747	356.8459
8.9796	357.0148
8.9855	357.139
8.9902	357.0218
8.9947	356.9597
9.0006	357.061
9.0052	356.7467
9.0111	357.04
9.0169	356.8902
9.0209	356.1577
9.0253	356.075
9.031	356.5909
9.0365	356.7133
9.041	356.182
9.0461	356.2186
9.0515	356.1897
9.0562	355.9911
9.0626	356.4755
9.0672	355.7871
9.0714	355.5705
9.0764	355.7046
9.0822	356.0136
9.0872	355.6846
9.0919	355.5928
9.0975	355.7047
9.1022	355.5036
9.1077	355.6006
9.1135	355.6057
9.1175	355.1193
9.1218	355.0335
9.1275	355.3611
9.1331	355.4503
9.1377	355.0577
9.1429	355.1072
9.1487	355.1668
9.1532	354.8647
9.1596	355.2247
9.1643	354.7025
9.1683	354.2174
9.1731	354.4788
9.1789	354.8294
9.1841	354.6243
9.1891	354.3637
9.1947	354.5934
9.1995	353.9011
9.2049	354.04
9.2111	354.273
9.2152	353.1043
9.2197	353.0575
9.2251	353.4288
9.2309	353.7881
9.2354	353.0324
9.2405	353.0387
9.246	353.0578
9.2509	352.8762
9.2571	353.1318
9.2621	352.5711
9.2665	351.9625
9.2714	352.2164
9.2767	352.5257
9.2821	352.3227
9.2867	351.9166
9.2923	352.1573
9.2973	351.7861
9.3027	351.8044
9.3089	351.8749
9.3131	351.1764
9.3174	351.1148
9.3227	351.3724
9.3288	351.6007
9.3334	351.1113
9.3387	351.1095
9.3448	351.1489
9.3494	351.028
9.3551	351.0797
9.3604	350.9828
9.3645	350.8448
9.3694	350.9089
9.3752	350.9831
9.3807	350.935
9.3857	350.7603
9.3913	350.8694
9.3966	350.6335
9.402	350.5936
9.4081	350.6883
9.4123	349.9205
9.4168	349.7363
9.4222	350.0862
9.4279	350.2106
9.4327	349.6949
9.4379	349.5872
9.444	349.9077
9.4492	349.3995
9.4555	349.5936
9.4606	348.9791
9.4648	348.4936
9.4696	348.6364
9.4753	349.019
9.4807	348.8251
9.4853	348.3495
9.4906	348.4781
9.4964	348.4818
9.5023	348.3306
9.5086	348.0647
9.5129	347.0458
9.5175	346.9755
9.5225	347.1088
9.5285	347.3725
9.5332	346.9488
9.5381	346.7986
9.5441	347.036
9.5495	346.7314
9.5554	346.7749
9.5609	346.5801
9.5653	346.14
9.5701	346.2213
9.5757	346.4568
9.5812	346.2979
9.5861	345.8871
9.5917	346.0526
9.5974	345.7437
9.6028	345.49
9.6089	345.3985
9.6134	344.8419
9.6176	344.6932
9.6231	344.8994
9.6288	344.9504
9.6339	344.5992
9.6389	344.1909
9.6451	344.687
9.6499	343.8388
9.6557	344.0218
9.6615	343.5164
9.6657	343.0509
9.6706	343.0626
9.6761	343.1519
9.682	343.0956
9.6867	343.0263
9.6922	343.0263
9.6982	343.0027
9.7029	342.8574
9.7099	342.9977
9.7147	342.15
9.7191	341.7141
9.7243	342.1026
9.7301	342.2499
9.7351	341.5063
9.7399	341.1756
9.7463	341.6052
9.7514	340.6502
9.7576	340.9392
9.7636	340.5844
9.7678	339.9796
9.7724	340.0389
9.7783	340.5198
9.7838	340.1595
9.7886	339.5664
9.794	339.5592
9.7998	339.4185
9.805	339.0708
9.812	339.2722
9.8167	338.5363
9.821	338.4713
9.826	338.5064
9.8323	338.6281
9.8372	338.3243
9.8422	338.0388
9.8482	338.3106
9.8533	337.6307
9.8598	337.8072
9.8657	337.2001
9.8699	336.6411
9.8748	336.597
9.8806	336.9289
9.8863	336.6632
9.8911	335.7576
9.8964	335.6882
9.9026	335.6899
9.9077	335.0988
9.9148	335.2531
9.9195	334.5848
9.924	334.5896
9.929	334.5923
9.9355	334.5961
9.9408	334.5303
9.946	334.2639
9.9519	334.3806
9.9571	333.4853
9.9634	333.7216
9.9697	332.7254
9.9741	332.0927
9.979	332.0875
9.9846	332.1292
9.9908	332.0456
9.9959	331.3512
10.0011	331.1503
10.0076	331.0688
10.0127	330.6471
10.0196	330.6713
10.0248	330.0693
10.0294	329.6271
10.0345	329.7335
10.0411	329.9063
10.0464	328.7776
10.052	328.5298
10.0582	328.5327
10.0635	327.9851
10.0699	328.1536
10.0767	327.0523
10.0814	326.1257
10.0861	326.0933
10.0923	326.1064
10.0998	325.9743
10.106	324.3134
10.1135	323.2343
